HWFET	HWFET plus 15 idle seconds plus HWFET									
seconds	mph									
0	0	0	0	0	0	0	0	0	0	0
1	0	0	0	0	0	0	0	0	0	0
2	0	0.2	0.4	0.6	0.8	1	1.2	1.4	1.6	1.8
3	2	2.29	2.58	2.87	3.16	3.45	3.74	4.03	4.32	4.61
4	4.9	5.22	5.54	5.86	6.18	6.5	6.82	7.14	7.46	7.78
5	8.1	8.42	8.74	9.06	9.38	9.7	10.02	10.34	10.66	10.98
6	11.3	11.62	11.94	12.26	12.58	12.9	13.22	13.54	13.86	14.18
7	14.5	14.78	15.06	15.34	15.62	15.9	16.18	16.46	16.74	17.02
8	17.3	17.53	17.76	17.99	18.22	18.45	18.68	18.91	19.14	19.37
9	19.6	19.82	20.04	20.26	20.48	20.7	20.92	21.14	21.36	21.58
10	21.8	22.02	22.24	22.46	22.68	22.9	23.12	23.34	23.56	23.78
11	24	24.18	24.36	24.54	24.72	24.9	25.08	25.26	25.44	25.62
12	25.8	25.93	26.06	26.19	26.32	26.45	26.58	26.71	26.84	26.97
13	27.1	27.19	27.28	27.37	27.46	27.55	27.64	27.73	27.82	27.91
14	28	28.1	28.2	28.3	28.4	28.5	28.6	28.7	28.8	28.9
15	29	29.1	29.2	29.3	29.4	29.5	29.6	29.7	29.8	29.9
16	30	30.07	30.14	30.21	30.28	30.35	30.42	30.49	30.56	30.63
17	30.7	30.78	30.86	30.94	31.02	31.1	31.18	31.26	31.34	31.42
18	31.5	31.57	31.64	31.71	31.78	31.85	31.92	31.99	32.06	32.13
19	32.2	32.27	32.34	32.41	32.48	32.55	32.62	32.69	32.76	32.83
20	32.9	32.96	33.02	33.08	33.14	33.2	33.26	33.32	33.38	33.44
21	33.5	33.56	33.62	33.68	33.74	33.8	33.86	33.92	33.98	34.04
22	34.1	34.15	34.2	34.25	34.3	34.35	34.4	34.45	34.5	34.55
23	34.6	34.63	34.66	34.69	34.72	34.75	34.78	34.81	34.84	34.87
24	34.9	34.92	34.94	34.96	34.98	35	35.02	35.04	35.06	35.08
25	35.1	35.16	35.22	35.28	35.34	35.4	35.46	35.52	35.58	35.64
26	35.7	35.72	35.74	35.76	35.78	35.8	35.82	35.84	35.86	35.88
27	35.9	35.89	35.88	35.87	35.86	35.85	35.84	35.83	35.82	35.81
28	35.8	35.75	35.7	35.65	35.6	35.55	35.5	35.45	35.4	35.35
29	35.3	35.26	35.22	35.18	35.14	35.1	35.06	35.02	34.98	34.94
30	34.9	34.86	34.82	34.78	34.74	34.7	34.66	34.62	34.58	34.54
31	34.5	34.51	34.52	34.53	34.54	34.55	34.56	34.57	34.58	34.59
32	34.6	34.62	34.64	34.66	34.68	34.7	34.72	34.74	34.76	34.78
33	34.8	34.83	34.86	34.89	34.92	34.95	34.98	35.01	35.04	35.07
34	35.1	35.16	35.22	35.28	35.34	35.4	35.46	35.52	35.58	35.64
35	35.7	35.74	35.78	35.82	35.86	35.9	35.94	35.98	36.02	36.06
36	36.1	36.11	36.12	36.13	36.14	36.15	36.16	36.17	36.18	36.19
37	36.2	36.23	36.26	36.29	36.32	36.35	36.38	36.41	36.44	36.47
38	36.5	36.52	36.54	36.56	36.58	36.6	36.62	36.64	36.66	36.68
39	36.7	36.72	36.74	36.76	36.78	36.8	36.82	36.84	36.86	36.88
40	36.9	36.91	36.92	36.93	36.94	36.95	36.96	36.97	36.98	36.99
41	37	37	37	37	37	37	37	37	37	37
42	37	37	37	37	37	37	37	37	37	37
43	37	37	37	37	37	37	37	37	37	37
44	37	37	37	37	37	37	37	37	37	37
45	37	37	37	37	37	37	37	37	37	37
46	37	37.01	37.02	37.03	37.04	37.05	37.06	37.07	37.08	37.09
47	37.1	37.12	37.14	37.16	37.18	37.2	37.22	37.24	37.26	37.28
48	37.3	37.35	37.4	37.45	37.5	37.55	37.6	37.65	37.7	37.75
49	37.8	37.88	37.96	38.04	38.12	38.2	38.28	38.36	38.44	38.52
50	38.6	38.67	38.74	38.81	38.88	38.95	39.02	39.09	39.16	39.23
51	39.3	39.37	39.44	39.51	39.58	39.65	39.72	39.79	39.86	39.93
52	40	40.07	40.14	40.21	40.28	40.35	40.42	40.49	40.56	40.63
53	40.7	40.77	40.84	40.91	40.98	41.05	41.12	41.19	41.26	41.33
54	41.4	41.48	41.56	41.64	41.72	41.8	41.88	41.96	42.04	42.12
55	42.2	42.27	42.34	42.41	42.48	42.55	42.62	42.69	42.76	42.83
56	42.9	42.96	43.02	43.08	43.14	43.2	43.26	43.32	43.38	43.44
57	43.5	43.55	43.6	43.65	43.7	43.75	43.8	43.85	43.9	43.95
58	44	44.03	44.06	44.09	44.12	44.15	44.18	44.21	44.24	44.27
59	44.3	44.32	44.34	44.36	44.38	44.4	44.42	44.44	44.46	44.48
60	44.5	44.53	44.56	44.59	44.62	44.65	44.68	44.71	44.74	44.77
61	44.8	44.81	44.82	44.83	44.84	44.85	44.86	44.87	44.88	44.89
62	44.9	44.91	44.92	44.93	44.94	44.95	44.96	44.97	44.98	44.99
63	45	45.01	45.02	45.03	45.04	45.05	45.06	45.07	45.08	45.09
64	45.1	45.13	45.16	45.19	45.22	45.25	45.28	45.31	45.34	45.37
65	45.4	45.43	45.46	45.49	45.52	45.55	45.58	45.61	45.64	45.67
66	45.7	45.73	45.76	45.79	45.82	45.85	45.88	45.91	45.94	45.97
67	46	46.03	46.06	46.09	46.12	46.15	46.18	46.21	46.24	46.27
68	46.3	46.32	46.34	46.36	46.38	46.4	46.42	46.44	46.46	46.48
69	46.5	46.53	46.56	46.59	46.62	46.65	46.68	46.71	46.74	46.77
70	46.8	46.81	46.82	46.83	46.84	46.85	46.86	46.87	46.88	46.89
71	46.9	46.91	46.92	46.93	46.94	46.95	46.96	46.97	46.98	46.99
72	47	47.01	47.02	47.03	47.04	47.05	47.06	47.07	47.08	47.09
73	47.1	47.11	47.12	47.13	47.14	47.15	47.16	47.17	47.18	47.19
74	47.2	47.21	47.22	47.23	47.24	47.25	47.26	47.27	47.28	47.29
75	47.3	47.29	47.28	47.27	47.26	47.25	47.24	47.23	47.22	47.21
76	47.2	47.19	47.18	47.17	47.16	47.15	47.14	47.13	47.12	47.11
77	47.1	47.09	47.08	47.07	47.06	47.05	47.04	47.03	47.02	47.01
78	47	46.99	46.98	46.97	46.96	46.95	46.94	46.93	46.92	46.91
79	46.9	46.9	46.9	46.9	46.9	46.9	46.9	46.9	46.9	46.9
80	46.9	46.9	46.9	46.9	46.9	46.9	46.9	46.9	46.9	46.9
81	46.9	46.91	46.92	46.93	46.94	46.95	46.96	46.97	46.98	46.99
82	47	47.01	47.02	47.03	47.04	47.05	47.06	47.07	47.08	47.09
83	47.1	47.1	47.1	47.1	47.1	47.1	47.1	47.1	47.1	47.1
84	47.1	47.11	47.12	47.13	47.14	47.15	47.16	47.17	47.18	47.19
85	47.2	47.19	47.18	47.17	47.16	47.15	47.14	47.13	47.12	47.11
86	47.1	47.09	47.08	47.07	47.06	47.05	47.04	47.03	47.02	47.01
87	47	46.99	46.98	46.97	46.96	46.95	46.94	46.93	46.92	46.91
88	46.9	46.86	46.82	46.78	46.74	46.7	46.66	46.62	46.58	46.54
89	46.5	46.48	46.46	46.44	46.42	46.4	46.38	46.36	46.34	46.32
90	46.3	46.29	46.28	46.27	46.26	46.25	46.24	46.23	46.22	46.21
91	46.2	46.21	46.22	46.23	46.24	46.25	46.26	46.27	46.28	46.29
92	46.3	46.32	46.34	46.36	46.38	46.4	46.42	46.44	46.46	46.48
93	46.5	46.54	46.58	46.62	46.66	46.7	46.74	46.78	46.82	46.86
94	46.9	46.92	46.94	46.96	46.98	47	47.02	47.04	47.06	47.08
95	47.1	47.13	47.16	47.19	47.22	47.25	47.28	47.31	47.34	47.37
96	47.4	47.43	47.46	47.49	47.52	47.55	47.58	47.61	47.64	47.67
97	47.7	47.73	47.76	47.79	47.82	47.85	47.88	47.91	47.94	47.97
98	48	48.02	48.04	48.06	48.08	48.1	48.12	48.14	48.16	48.18
99	48.2	48.23	48.26	48.29	48.32	48.35	48.38	48.41	48.44	48.47
100	48.5	48.53	48.56	48.59	48.62	48.65	48.68	48.71	48.74	48.77
101	48.8	48.83	48.86	48.89	48.92	48.95	48.98	49.01	49.04	49.07
102	49.1	49.11	49.12	49.13	49.14	49.15	49.16	49.17	49.18	49.19
103	49.2	49.19	49.18	49.17	49.16	49.15	49.14	49.13	49.12	49.11
104	49.1	49.1	49.1	49.1	49.1	49.1	49.1	49.1	49.1	49.1
105	49.1	49.09	49.08	49.07	49.06	49.05	49.04	49.03	49.02	49.01
106	49	49	49	49	49	49	49	49	49	49
107	49	49.01	49.02	49.03	49.04	49.05	49.06	49.07	49.08	49.09
108	49.1	49.11	49.12	49.13	49.14	49.15	49.16	49.17	49.18	49.19
109	49.2	49.21	49.22	49.23	49.24	49.25	49.26	49.27	49.28	49.29
110	49.3	49.31	49.32	49.33	49.34	49.35	49.36	49.37	49.38	49.39
111	49.4	49.41	49.42	49.43	49.44	49.45	49.46	49.47	49.48	49.49
112	49.5	49.5	49.5	49.5	49.5	49.5	49.5	49.5	49.5	49.5
113	49.5	49.5	49.5	49.5	49.5	49.5	49.5	49.5	49.5	49.5
114	49.5	49.49	49.48	49.47	49.46	49.45	49.44	49.43	49.42	49.41
115	49.4	49.37	49.34	49.31	49.28	49.25	49.22	49.19	49.16	49.13
116	49.1	49.08	49.06	49.04	49.02	49	48.98	48.96	48.94	48.92
117	48.9	48.87	48.84	48.81	48.78	48.75	48.72	48.69	48.66	48.63
118	48.6	48.58	48.56	48.54	48.52	48.5	48.48	48.46	48.44	48.42
119	48.4	48.37	48.34	48.31	48.28	48.25	48.22	48.19	48.16	48.13
120	48.1	48.06	48.02	47.98	47.94	47.9	47.86	47.82	47.78	47.74
121	47.7	47.67	47.64	47.61	47.58	47.55	47.52	47.49	47.46	47.43
122	47.4	47.39	47.38	47.37	47.36	47.35	47.34	47.33	47.32	47.31
123	47.3	47.32	47.34	47.36	47.38	47.4	47.42	47.44	47.46	47.48
124	47.5	47.53	47.56	47.59	47.62	47.65	47.68	47.71	47.74	47.77
125	47.8	47.81	47.82	47.83	47.84	47.85	47.86	47.87	47.88	47.89
126	47.9	47.91	47.92	47.93	47.94	47.95	47.96	47.97	47.98	47.99
127	48	47.99	47.98	47.97	47.96	47.95	47.94	47.93	47.92	47.91
128	47.9	47.9	47.9	47.9	47.9	47.9	47.9	47.9	47.9	47.9
129	47.9	47.9	47.9	47.9	47.9	47.9	47.9	47.9	47.9	47.9
130	47.9	47.91	47.92	47.93	47.94	47.95	47.96	47.97	47.98	47.99
131	48	48	48	48	48	48	48	48	48	48
132	48	48	48	48	48	48	48	48	48	48
133	48	47.99	47.98	47.97	47.96	47.95	47.94	47.93	47.92	47.91
134	47.9	47.84	47.78	47.72	47.66	47.6	47.54	47.48	47.42	47.36
135	47.3	47.17	47.04	46.91	46.78	46.65	46.52	46.39	46.26	46.13
136	46	45.73	45.46	45.19	44.92	44.65	44.38	44.11	43.84	43.57
137	43.3	43.09	42.88	42.67	42.46	42.25	42.04	41.83	41.62	41.41
138	41.2	41.03	40.86	40.69	40.52	40.35	40.18	40.01	39.84	39.67
139	39.5	39.47	39.44	39.41	39.38	39.35	39.32	39.29	39.26	39.23
140	39.2	39.18	39.16	39.14	39.12	39.1	39.08	39.06	39.04	39.02
141	39	39	39	39	39	39	39	39	39	39
142	39	39.01	39.02	39.03	39.04	39.05	39.06	39.07	39.08	39.09
143	39.1	39.14	39.18	39.22	39.26	39.3	39.34	39.38	39.42	39.46
144	39.5	39.56	39.62	39.68	39.74	39.8	39.86	39.92	39.98	40.04
145	40.1	40.19	40.28	40.37	40.46	40.55	40.64	40.73	40.82	40.91
146	41	41.1	41.2	41.3	41.4	41.5	41.6	41.7	41.8	41.9
147	42	42.11	42.22	42.33	42.44	42.55	42.66	42.77	42.88	42.99
148	43.1	43.16	43.22	43.28	43.34	43.4	43.46	43.52	43.58	43.64
149	43.7	43.74	43.78	43.82	43.86	43.9	43.94	43.98	44.02	44.06
150	44.1	44.12	44.14	44.16	44.18	44.2	44.22	44.24	44.26	44.28
151	44.3	44.31	44.32	44.33	44.34	44.35	44.36	44.37	44.38	44.39
152	44.4	44.42	44.44	44.46	44.48	44.5	44.52	44.54	44.56	44.58
153	44.6	44.61	44.62	44.63	44.64	44.65	44.66	44.67	44.68	44.69
154	44.7	44.72	44.74	44.76	44.78	44.8	44.82	44.84	44.86	44.88
155	44.9	44.93	44.96	44.99	45.02	45.05	45.08	45.11	45.14	45.17
156	45.2	45.25	45.3	45.35	45.4	45.45	45.5	45.55	45.6	45.65
157	45.7	45.72	45.74	45.76	45.78	45.8	45.82	45.84	45.86	45.88
158	45.9	45.94	45.98	46.02	46.06	46.1	46.14	46.18	46.22	46.26
159	46.3	46.35	46.4	46.45	46.5	46.55	46.6	46.65	46.7	46.75
160	46.8	46.81	46.82	46.83	46.84	46.85	46.86	46.87	46.88	46.89
161	46.9	46.91	46.92	46.93	46.94	46.95	46.96	46.97	46.98	46.99
162	47	47.01	47.02	47.03	47.04	47.05	47.06	47.07	47.08	47.09
163	47.1	47.15	47.2	47.25	47.3	47.35	47.4	47.45	47.5	47.55
164	47.6	47.63	47.66	47.69	47.72	47.75	47.78	47.81	47.84	47.87
165	47.9	47.91	47.92	47.93	47.94	47.95	47.96	47.97	47.98	47.99
166	48	48	48	48	48	48	48	48	48	48
167	48	47.99	47.98	47.97	47.96	47.95	47.94	47.93	47.92	47.91
168	47.9	47.89	47.88	47.87	47.86	47.85	47.84	47.83	47.82	47.81
169	47.8	47.75	47.7	47.65	47.6	47.55	47.5	47.45	47.4	47.35
170	47.3	47.24	47.18	47.12	47.06	47	46.94	46.88	46.82	46.76
171	46.7	46.65	46.6	46.55	46.5	46.45	46.4	46.35	46.3	46.25
172	46.2	46.17	46.14	46.11	46.08	46.05	46.02	45.99	45.96	45.93
173	45.9	45.88	45.86	45.84	45.82	45.8	45.78	45.76	45.74	45.72
174	45.7	45.68	45.66	45.64	45.62	45.6	45.58	45.56	45.54	45.52
175	45.5	45.49	45.48	45.47	45.46	45.45	45.44	45.43	45.42	45.41
176	45.4	45.39	45.38	45.37	45.36	45.35	45.34	45.33	45.32	45.31
177	45.3	45.27	45.24	45.21	45.18	45.15	45.12	45.09	45.06	45.03
178	45	44.9	44.8	44.7	44.6	44.5	44.4	44.3	44.2	44.1
179	44	43.91	43.82	43.73	43.64	43.55	43.46	43.37	43.28	43.19
180	43.1	43.01	42.92	42.83	42.74	42.65	42.56	42.47	42.38	42.29
181	42.2	42.13	42.06	41.99	41.92	41.85	41.78	41.71	41.64	41.57
182	41.5	41.5	41.5	41.5	41.5	41.5	41.5	41.5	41.5	41.5
183	41.5	41.56	41.62	41.68	41.74	41.8	41.86	41.92	41.98	42.04
184	42.1	42.18	42.26	42.34	42.42	42.5	42.58	42.66	42.74	42.82
185	42.9	42.96	43.02	43.08	43.14	43.2	43.26	43.32	43.38	43.44
186	43.5	43.54	43.58	43.62	43.66	43.7	43.74	43.78	43.82	43.86
187	43.9	43.87	43.84	43.81	43.78	43.75	43.72	43.69	43.66	43.63
188	43.6	43.57	43.54	43.51	43.48	43.45	43.42	43.39	43.36	43.33
189	43.3	43.27	43.24	43.21	43.18	43.15	43.12	43.09	43.06	43.03
190	43	43.01	43.02	43.03	43.04	43.05	43.06	43.07	43.08	43.09
191	43.1	43.13	43.16	43.19	43.22	43.25	43.28	43.31	43.34	43.37
192	43.4	43.45	43.5	43.55	43.6	43.65	43.7	43.75	43.8	43.85
193	43.9	43.94	43.98	44.02	44.06	44.1	44.14	44.18	44.22	44.26
194	44.3	44.33	44.36	44.39	44.42	44.45	44.48	44.51	44.54	44.57
195	44.6	44.63	44.66	44.69	44.72	44.75	44.78	44.81	44.84	44.87
196	44.9	44.89	44.88	44.87	44.86	44.85	44.84	44.83	44.82	44.81
197	44.8	44.76	44.72	44.68	44.64	44.6	44.56	44.52	44.48	44.44
198	44.4	44.35	44.3	44.25	44.2	44.15	44.1	44.05	44	43.95
199	43.9	43.85	43.8	43.75	43.7	43.65	43.6	43.55	43.5	43.45
200	43.4	43.38	43.36	43.34	43.32	43.3	43.28	43.26	43.24	43.22
201	43.2	43.2	43.2	43.2	43.2	43.2	43.2	43.2	43.2	43.2
202	43.2	43.19	43.18	43.17	43.16	43.15	43.14	43.13	43.12	43.11
203	43.1	43.09	43.08	43.07	43.06	43.05	43.04	43.03	43.02	43.01
204	43	43	43	43	43	43	43	43	43	43
205	43	43.01	43.02	43.03	43.04	43.05	43.06	43.07	43.08	43.09
206	43.1	43.13	43.16	43.19	43.22	43.25	43.28	43.31	43.34	43.37
207	43.4	43.45	43.5	43.55	43.6	43.65	43.7	43.75	43.8	43.85
208	43.9	43.91	43.92	43.93	43.94	43.95	43.96	43.97	43.98	43.99
209	44	43.95	43.9	43.85	43.8	43.75	43.7	43.65	43.6	43.55
210	43.5	43.41	43.32	43.23	43.14	43.05	42.96	42.87	42.78	42.69
211	42.6	42.49	42.38	42.27	42.16	42.05	41.94	41.83	41.72	41.61
212	41.5	41.42	41.34	41.26	41.18	41.1	41.02	40.94	40.86	40.78
213	40.7	40.63	40.56	40.49	40.42	40.35	40.28	40.21	40.14	40.07
214	40	40	40	40	40	40	40	40	40	40
215	40	40.03	40.06	40.09	40.12	40.15	40.18	40.21	40.24	40.27
216	40.3	40.37	40.44	40.51	40.58	40.65	40.72	40.79	40.86	40.93
217	41	41.1	41.2	41.3	41.4	41.5	41.6	41.7	41.8	41.9
218	42	42.07	42.14	42.21	42.28	42.35	42.42	42.49	42.56	42.63
219	42.7	42.74	42.78	42.82	42.86	42.9	42.94	42.98	43.02	43.06
220	43.1	43.11	43.12	43.13	43.14	43.15	43.16	43.17	43.18	43.19
221	43.2	43.22	43.24	43.26	43.28	43.3	43.32	43.34	43.36	43.38
222	43.4	43.45	43.5	43.55	43.6	43.65	43.7	43.75	43.8	43.85
223	43.9	43.94	43.98	44.02	44.06	44.1	44.14	44.18	44.22	44.26
224	44.3	44.34	44.38	44.42	44.46	44.5	44.54	44.58	44.62	44.66
225	44.7	44.74	44.78	44.82	44.86	44.9	44.94	44.98	45.02	45.06
226	45.1	45.13	45.16	45.19	45.22	45.25	45.28	45.31	45.34	45.37
227	45.4	45.44	45.48	45.52	45.56	45.6	45.64	45.68	45.72	45.76
228	45.8	45.87	45.94	46.01	46.08	46.15	46.22	46.29	46.36	46.43
229	46.5	46.54	46.58	46.62	46.66	46.7	46.74	46.78	46.82	46.86
230	46.9	46.93	46.96	46.99	47.02	47.05	47.08	47.11	47.14	47.17
231	47.2	47.22	47.24	47.26	47.28	47.3	47.32	47.34	47.36	47.38
232	47.4	47.39	47.38	47.37	47.36	47.35	47.34	47.33	47.32	47.31
233	47.3	47.3	47.3	47.3	47.3	47.3	47.3	47.3	47.3	47.3
234	47.3	47.29	47.28	47.27	47.26	47.25	47.24	47.23	47.22	47.21
235	47.2	47.2	47.2	47.2	47.2	47.2	47.2	47.2	47.2	47.2
236	47.2	47.2	47.2	47.2	47.2	47.2	47.2	47.2	47.2	47.2
237	47.2	47.19	47.18	47.17	47.16	47.15	47.14	47.13	47.12	47.11
238	47.1	47.09	47.08	47.07	47.06	47.05	47.04	47.03	47.02	47.01
239	47	47	47	47	47	47	47	47	47	47
240	47	46.99	46.98	46.97	46.96	46.95	46.94	46.93	46.92	46.91
241	46.9	46.89	46.88	46.87	46.86	46.85	46.84	46.83	46.82	46.81
242	46.8	46.81	46.82	46.83	46.84	46.85	46.86	46.87	46.88	46.89
243	46.9	46.91	46.92	46.93	46.94	46.95	46.96	46.97	46.98	46.99
244	47	47.02	47.04	47.06	47.08	47.1	47.12	47.14	47.16	47.18
245	47.2	47.23	47.26	47.29	47.32	47.35	47.38	47.41	47.44	47.47
246	47.5	47.54	47.58	47.62	47.66	47.7	47.74	47.78	47.82	47.86
247	47.9	47.91	47.92	47.93	47.94	47.95	47.96	47.97	47.98	47.99
248	48	48	48	48	48	48	48	48	48	48
249	48	48	48	48	48	48	48	48	48	48
250	48	48	48	48	48	48	48	48	48	48
251	48	48	48	48	48	48	48	48	48	48
252	48	48.01	48.02	48.03	48.04	48.05	48.06	48.07	48.08	48.09
253	48.1	48.11	48.12	48.13	48.14	48.15	48.16	48.17	48.18	48.19
254	48.2	48.2	48.2	48.2	48.2	48.2	48.2	48.2	48.2	48.2
255	48.2	48.19	48.18	48.17	48.16	48.15	48.14	48.13	48.12	48.11
256	48.1	48.15	48.2	48.25	48.3	48.35	48.4	48.45	48.5	48.55
257	48.6	48.63	48.66	48.69	48.72	48.75	48.78	48.81	48.84	48.87
258	48.9	48.92	48.94	48.96	48.98	49	49.02	49.04	49.06	49.08
259	49.1	49.1	49.1	49.1	49.1	49.1	49.1	49.1	49.1	49.1
260	49.1	49.1	49.1	49.1	49.1	49.1	49.1	49.1	49.1	49.1
261	49.1	49.1	49.1	49.1	49.1	49.1	49.1	49.1	49.1	49.1
262	49.1	49.1	49.1	49.1	49.1	49.1	49.1	49.1	49.1	49.1
263	49.1	49.09	49.08	49.07	49.06	49.05	49.04	49.03	49.02	49.01
264	49	48.99	48.98	48.97	48.96	48.95	48.94	48.93	48.92	48.91
265	48.9	48.83	48.76	48.69	48.62	48.55	48.48	48.41	48.34	48.27
266	48.2	48.15	48.1	48.05	48	47.95	47.9	47.85	47.8	47.75
267	47.7	47.68	47.66	47.64	47.62	47.6	47.58	47.56	47.54	47.52
268	47.5	47.47	47.44	47.41	47.38	47.35	47.32	47.29	47.26	47.23
269	47.2	47.15	47.1	47.05	47	46.95	46.9	46.85	46.8	46.75
270	46.7	46.65	46.6	46.55	46.5	46.45	46.4	46.35	46.3	46.25
271	46.2	46.18	46.16	46.14	46.12	46.1	46.08	46.06	46.04	46.02
272	46	45.98	45.96	45.94	45.92	45.9	45.88	45.86	45.84	45.82
273	45.8	45.78	45.76	45.74	45.72	45.7	45.68	45.66	45.64	45.62
274	45.6	45.58	45.56	45.54	45.52	45.5	45.48	45.46	45.44	45.42
275	45.4	45.38	45.36	45.34	45.32	45.3	45.28	45.26	45.24	45.22
276	45.2	45.18	45.16	45.14	45.12	45.1	45.08	45.06	45.04	45.02
277	45	44.97	44.94	44.91	44.88	44.85	44.82	44.79	44.76	44.73
278	44.7	44.68	44.66	44.64	44.62	44.6	44.58	44.56	44.54	44.52
279	44.5	44.47	44.44	44.41	44.38	44.35	44.32	44.29	44.26	44.23
280	44.2	44.13	44.06	43.99	43.92	43.85	43.78	43.71	43.64	43.57
281	43.5	43.43	43.36	43.29	43.22	43.15	43.08	43.01	42.94	42.87
282	42.8	42.72	42.64	42.56	42.48	42.4	42.32	42.24	42.16	42.08
283	42	41.81	41.62	41.43	41.24	41.05	40.86	40.67	40.48	40.29
284	40.1	39.95	39.8	39.65	39.5	39.35	39.2	39.05	38.9	38.75
285	38.6	38.49	38.38	38.27	38.16	38.05	37.94	37.83	37.72	37.61
286	37.5	37.33	37.16	36.99	36.82	36.65	36.48	36.31	36.14	35.97
287	35.8	35.69	35.58	35.47	35.36	35.25	35.14	35.03	34.92	34.81
288	34.7	34.63	34.56	34.49	34.42	34.35	34.28	34.21	34.14	34.07
289	34	33.93	33.86	33.79	33.72	33.65	33.58	33.51	33.44	33.37
290	33.3	33.22	33.14	33.06	32.98	32.9	32.82	32.74	32.66	32.58
291	32.5	32.42	32.34	32.26	32.18	32.1	32.02	31.94	31.86	31.78
292	31.7	31.59	31.48	31.37	31.26	31.15	31.04	30.93	30.82	30.71
293	30.6	30.5	30.4	30.3	30.2	30.1	30	29.9	29.8	29.7
294	29.6	29.52	29.44	29.36	29.28	29.2	29.12	29.04	28.96	28.88
295	28.8	28.76	28.72	28.68	28.64	28.6	28.56	28.52	28.48	28.44
296	28.4	28.42	28.44	28.46	28.48	28.5	28.52	28.54	28.56	28.58
297	28.6	28.69	28.78	28.87	28.96	29.05	29.14	29.23	29.32	29.41
298	29.5	29.69	29.88	30.07	30.26	30.45	30.64	30.83	31.02	31.21
299	31.4	31.6	31.8	32	32.2	32.4	32.6	32.8	33	33.2
300	33.4	33.62	33.84	34.06	34.28	34.5	34.72	34.94	35.16	35.38
301	35.6	35.79	35.98	36.17	36.36	36.55	36.74	36.93	37.12	37.31
302	37.5	37.66	37.82	37.98	38.14	38.3	38.46	38.62	38.78	38.94
303	39.1	39.21	39.32	39.43	39.54	39.65	39.76	39.87	39.98	40.09
304	40.2	40.29	40.38	40.47	40.56	40.65	40.74	40.83	40.92	41.01
305	41.1	41.17	41.24	41.31	41.38	41.45	41.52	41.59	41.66	41.73
306	41.8	41.86	41.92	41.98	42.04	42.1	42.16	42.22	42.28	42.34
307	42.4	42.44	42.48	42.52	42.56	42.6	42.64	42.68	42.72	42.76
308	42.8	42.85	42.9	42.95	43	43.05	43.1	43.15	43.2	43.25
309	43.3	43.35	43.4	43.45	43.5	43.55	43.6	43.65	43.7	43.75
310	43.8	43.85	43.9	43.95	44	44.05	44.1	44.15	44.2	44.25
311	44.3	44.34	44.38	44.42	44.46	44.5	44.54	44.58	44.62	44.66
312	44.7	44.73	44.76	44.79	44.82	44.85	44.88	44.91	44.94	44.97
313	45	45.02	45.04	45.06	45.08	45.1	45.12	45.14	45.16	45.18
314	45.2	45.22	45.24	45.26	45.28	45.3	45.32	45.34	45.36	45.38
315	45.4	45.41	45.42	45.43	45.44	45.45	45.46	45.47	45.48	45.49
316	45.5	45.53	45.56	45.59	45.62	45.65	45.68	45.71	45.74	45.77
317	45.8	45.82	45.84	45.86	45.88	45.9	45.92	45.94	45.96	45.98
318	46	46.01	46.02	46.03	46.04	46.05	46.06	46.07	46.08	46.09
319	46.1	46.14	46.18	46.22	46.26	46.3	46.34	46.38	46.42	46.46
320	46.5	46.53	46.56	46.59	46.62	46.65	46.68	46.71	46.74	46.77
321	46.8	46.83	46.86	46.89	46.92	46.95	46.98	47.01	47.04	47.07
322	47.1	47.16	47.22	47.28	47.34	47.4	47.46	47.52	47.58	47.64
323	47.7	47.76	47.82	47.88	47.94	48	48.06	48.12	48.18	48.24
324	48.3	48.37	48.44	48.51	48.58	48.65	48.72	48.79	48.86	48.93
325	49	49.07	49.14	49.21	49.28	49.35	49.42	49.49	49.56	49.63
326	49.7	49.76	49.82	49.88	49.94	50	50.06	50.12	50.18	50.24
327	50.3	50.37	50.44	50.51	50.58	50.65	50.72	50.79	50.86	50.93
328	51	51.07	51.14	51.21	51.28	51.35	51.42	51.49	51.56	51.63
329	51.7	51.77	51.84	51.91	51.98	52.05	52.12	52.19	52.26	52.33
330	52.4	52.47	52.54	52.61	52.68	52.75	52.82	52.89	52.96	53.03
331	53.1	53.17	53.24	53.31	53.38	53.45	53.52	53.59	53.66	53.73
332	53.8	53.87	53.94	54.01	54.08	54.15	54.22	54.29	54.36	54.43
333	54.5	54.57	54.64	54.71	54.78	54.85	54.92	54.99	55.06	55.13
334	55.2	55.26	55.32	55.38	55.44	55.5	55.56	55.62	55.68	55.74
335	55.8	55.86	55.92	55.98	56.04	56.1	56.16	56.22	56.28	56.34
336	56.4	56.45	56.5	56.55	56.6	56.65	56.7	56.75	56.8	56.85
337	56.9	56.91	56.92	56.93	56.94	56.95	56.96	56.97	56.98	56.99
338	57	57.01	57.02	57.03	57.04	57.05	57.06	57.07	57.08	57.09
339	57.1	57.12	57.14	57.16	57.18	57.2	57.22	57.24	57.26	57.28
340	57.3	57.33	57.36	57.39	57.42	57.45	57.48	57.51	57.54	57.57
341	57.6	57.62	57.64	57.66	57.68	57.7	57.72	57.74	57.76	57.78
342	57.8	57.82	57.84	57.86	57.88	57.9	57.92	57.94	57.96	57.98
343	58	58.01	58.02	58.03	58.04	58.05	58.06	58.07	58.08	58.09
344	58.1	58.13	58.16	58.19	58.22	58.25	58.28	58.31	58.34	58.37
345	58.4	58.43	58.46	58.49	58.52	58.55	58.58	58.61	58.64	58.67
346	58.7	58.71	58.72	58.73	58.74	58.75	58.76	58.77	58.78	58.79
347	58.8	58.81	58.82	58.83	58.84	58.85	58.86	58.87	58.88	58.89
348	58.9	58.91	58.92	58.93	58.94	58.95	58.96	58.97	58.98	58.99
349	59	59	59	59	59	59	59	59	59	59
350	59	58.99	58.98	58.97	58.96	58.95	58.94	58.93	58.92	58.91
351	58.9	58.89	58.88	58.87	58.86	58.85	58.84	58.83	58.82	58.81
352	58.8	58.78	58.76	58.74	58.72	58.7	58.68	58.66	58.64	58.62
353	58.6	58.58	58.56	58.54	58.52	58.5	58.48	58.46	58.44	58.42
354	58.4	58.38	58.36	58.34	58.32	58.3	58.28	58.26	58.24	58.22
355	58.2	58.19	58.18	58.17	58.16	58.15	58.14	58.13	58.12	58.11
356	58.1	58.09	58.08	58.07	58.06	58.05	58.04	58.03	58.02	58.01
357	58	57.99	57.98	57.97	57.96	57.95	57.94	57.93	57.92	57.91
358	57.9	57.87	57.84	57.81	57.78	57.75	57.72	57.69	57.66	57.63
359	57.6	57.58	57.56	57.54	57.52	57.5	57.48	57.46	57.44	57.42
360	57.4	57.38	57.36	57.34	57.32	57.3	57.28	57.26	57.24	57.22
361	57.2	57.19	57.18	57.17	57.16	57.15	57.14	57.13	57.12	57.11
362	57.1	57.09	57.08	57.07	57.06	57.05	57.04	57.03	57.02	57.01
363	57	57	57	57	57	57	57	57	57	57
364	57	56.99	56.98	56.97	56.96	56.95	56.94	56.93	56.92	56.91
365	56.9	56.9	56.9	56.9	56.9	56.9	56.9	56.9	56.9	56.9
366	56.9	56.9	56.9	56.9	56.9	56.9	56.9	56.9	56.9	56.9
367	56.9	56.91	56.92	56.93	56.94	56.95	56.96	56.97	56.98	56.99
368	57	57	57	57	57	57	57	57	57	57
369	57	57	57	57	57	57	57	57	57	57
370	57	57	57	57	57	57	57	57	57	57
371	57	57	57	57	57	57	57	57	57	57
372	57	57	57	57	57	57	57	57	57	57
373	57	57	57	57	57	57	57	57	57	57
374	57	57	57	57	57	57	57	57	57	57
375	57	57	57	57	57	57	57	57	57	57
376	57	56.99	56.98	56.97	56.96	56.95	56.94	56.93	56.92	56.91
377	56.9	56.89	56.88	56.87	56.86	56.85	56.84	56.83	56.82	56.81
378	56.8	56.77	56.74	56.71	56.68	56.65	56.62	56.59	56.56	56.53
379	56.5	56.47	56.44	56.41	56.38	56.35	56.32	56.29	56.26	56.23
380	56.2	56.18	56.16	56.14	56.12	56.1	56.08	56.06	56.04	56.02
381	56	56	56	56	56	56	56	56	56	56
382	56	56	56	56	56	56	56	56	56	56
383	56	56.01	56.02	56.03	56.04	56.05	56.06	56.07	56.08	56.09
384	56.1	56.13	56.16	56.19	56.22	56.25	56.28	56.31	56.34	56.37
385	56.4	56.43	56.46	56.49	56.52	56.55	56.58	56.61	56.64	56.67
386	56.7	56.72	56.74	56.76	56.78	56.8	56.82	56.84	56.86	56.88
387	56.9	56.92	56.94	56.96	56.98	57	57.02	57.04	57.06	57.08
388	57.1	57.12	57.14	57.16	57.18	57.2	57.22	57.24	57.26	57.28
389	57.3	57.31	57.32	57.33	57.34	57.35	57.36	57.37	57.38	57.39
390	57.4	57.4	57.4	57.4	57.4	57.4	57.4	57.4	57.4	57.4
391	57.4	57.38	57.36	57.34	57.32	57.3	57.28	57.26	57.24	57.22
392	57.2	57.18	57.16	57.14	57.12	57.1	57.08	57.06	57.04	57.02
393	57	56.99	56.98	56.97	56.96	56.95	56.94	56.93	56.92	56.91
394	56.9	56.87	56.84	56.81	56.78	56.75	56.72	56.69	56.66	56.63
395	56.6	56.57	56.54	56.51	56.48	56.45	56.42	56.39	56.36	56.33
396	56.3	56.28	56.26	56.24	56.22	56.2	56.18	56.16	56.14	56.12
397	56.1	56.13	56.16	56.19	56.22	56.25	56.28	56.31	56.34	56.37
398	56.4	56.43	56.46	56.49	56.52	56.55	56.58	56.61	56.64	56.67
399	56.7	56.74	56.78	56.82	56.86	56.9	56.94	56.98	57.02	57.06
400	57.1	57.14	57.18	57.22	57.26	57.3	57.34	57.38	57.42	57.46
401	57.5	57.53	57.56	57.59	57.62	57.65	57.68	57.71	57.74	57.77
402	57.8	57.82	57.84	57.86	57.88	57.9	57.92	57.94	57.96	57.98
403	58	58	58	58	58	58	58	58	58	58
404	58	58	58	58	58	58	58	58	58	58
405	58	58	58	58	58	58	58	58	58	58
406	58	58	58	58	58	58	58	58	58	58
407	58	58	58	58	58	58	58	58	58	58
408	58	57.99	57.98	57.97	57.96	57.95	57.94	57.93	57.92	57.91
409	57.9	57.89	57.88	57.87	57.86	57.85	57.84	57.83	57.82	57.81
410	57.8	57.79	57.78	57.77	57.76	57.75	57.74	57.73	57.72	57.71
411	57.7	57.7	57.7	57.7	57.7	57.7	57.7	57.7	57.7	57.7
412	57.7	57.71	57.72	57.73	57.74	57.75	57.76	57.77	57.78	57.79
413	57.8	57.81	57.82	57.83	57.84	57.85	57.86	57.87	57.88	57.89
414	57.9	57.91	57.92	57.93	57.94	57.95	57.96	57.97	57.98	57.99
415	58	58.01	58.02	58.03	58.04	58.05	58.06	58.07	58.08	58.09
416	58.1	58.13	58.16	58.19	58.22	58.25	58.28	58.31	58.34	58.37
417	58.4	58.45	58.5	58.55	58.6	58.65	58.7	58.75	58.8	58.85
418	58.9	58.92	58.94	58.96	58.98	59	59.02	59.04	59.06	59.08
419	59.1	59.13	59.16	59.19	59.22	59.25	59.28	59.31	59.34	59.37
420	59.4	59.44	59.48	59.52	59.56	59.6	59.64	59.68	59.72	59.76
421	59.8	59.81	59.82	59.83	59.84	59.85	59.86	59.87	59.88	59.89
422	59.9	59.9	59.9	59.9	59.9	59.9	59.9	59.9	59.9	59.9
423	59.9	59.89	59.88	59.87	59.86	59.85	59.84	59.83	59.82	59.81
424	59.8	59.78	59.76	59.74	59.72	59.7	59.68	59.66	59.64	59.62
425	59.6	59.58	59.56	59.54	59.52	59.5	59.48	59.46	59.44	59.42
426	59.4	59.38	59.36	59.34	59.32	59.3	59.28	59.26	59.24	59.22
427	59.2	59.19	59.18	59.17	59.16	59.15	59.14	59.13	59.12	59.11
428	59.1	59.09	59.08	59.07	59.06	59.05	59.04	59.03	59.02	59.01
429	59	58.99	58.98	58.97	58.96	58.95	58.94	58.93	58.92	58.91
430	58.9	58.88	58.86	58.84	58.82	58.8	58.78	58.76	58.74	58.72
431	58.7	58.69	58.68	58.67	58.66	58.65	58.64	58.63	58.62	58.61
432	58.6	58.59	58.58	58.57	58.56	58.55	58.54	58.53	58.52	58.51
433	58.5	58.49	58.48	58.47	58.46	58.45	58.44	58.43	58.42	58.41
434	58.4	58.4	58.4	58.4	58.4	58.4	58.4	58.4	58.4	58.4
435	58.4	58.39	58.38	58.37	58.36	58.35	58.34	58.33	58.32	58.31
436	58.3	58.29	58.28	58.27	58.26	58.25	58.24	58.23	58.22	58.21
437	58.2	58.19	58.18	58.17	58.16	58.15	58.14	58.13	58.12	58.11
438	58.1	58.09	58.08	58.07	58.06	58.05	58.04	58.03	58.02	58.01
439	58	57.99	57.98	57.97	57.96	57.95	57.94	57.93	57.92	57.91
440	57.9	57.9	57.9	57.9	57.9	57.9	57.9	57.9	57.9	57.9
441	57.9	57.9	57.9	57.9	57.9	57.9	57.9	57.9	57.9	57.9
442	57.9	57.9	57.9	57.9	57.9	57.9	57.9	57.9	57.9	57.9
443	57.9	57.9	57.9	57.9	57.9	57.9	57.9	57.9	57.9	57.9
444	57.9	57.91	57.92	57.93	57.94	57.95	57.96	57.97	57.98	57.99
445	58	58.01	58.02	58.03	58.04	58.05	58.06	58.07	58.08	58.09
446	58.1	58.1	58.1	58.1	58.1	58.1	58.1	58.1	58.1	58.1
447	58.1	58.11	58.12	58.13	58.14	58.15	58.16	58.17	58.18	58.19
448	58.2	58.2	58.2	58.2	58.2	58.2	58.2	58.2	58.2	58.2
449	58.2	58.2	58.2	58.2	58.2	58.2	58.2	58.2	58.2	58.2
450	58.2	58.19	58.18	58.17	58.16	58.15	58.14	58.13	58.12	58.11
451	58.1	58.09	58.08	58.07	58.06	58.05	58.04	58.03	58.02	58.01
452	58	58	58	58	58	58	58	58	58	58
453	58	58	58	58	58	58	58	58	58	58
454	58	58	58	58	58	58	58	58	58	58
455	58	58	58	58	58	58	58	58	58	58
456	58	58	58	58	58	58	58	58	58	58
457	58	57.99	57.98	57.97	57.96	57.95	57.94	57.93	57.92	57.91
458	57.9	57.9	57.9	57.9	57.9	57.9	57.9	57.9	57.9	57.9
459	57.9	57.91	57.92	57.93	57.94	57.95	57.96	57.97	57.98	57.99
460	58	58.01	58.02	58.03	58.04	58.05	58.06	58.07	58.08	58.09
461	58.1	58.1	58.1	58.1	58.1	58.1	58.1	58.1	58.1	58.1
462	58.1	58.11	58.12	58.13	58.14	58.15	58.16	58.17	58.18	58.19
463	58.2	58.21	58.22	58.23	58.24	58.25	58.26	58.27	58.28	58.29
464	58.3	58.3	58.3	58.3	58.3	58.3	58.3	58.3	58.3	58.3
465	58.3	58.3	58.3	58.3	58.3	58.3	58.3	58.3	58.3	58.3
466	58.3	58.29	58.28	58.27	58.26	58.25	58.24	58.23	58.22	58.21
467	58.2	58.19	58.18	58.17	58.16	58.15	58.14	58.13	58.12	58.11
468	58.1	58.09	58.08	58.07	58.06	58.05	58.04	58.03	58.02	58.01
469	58	57.98	57.96	57.94	57.92	57.9	57.88	57.86	57.84	57.82
470	57.8	57.77	57.74	57.71	57.68	57.65	57.62	57.59	57.56	57.53
471	57.5	57.46	57.42	57.38	57.34	57.3	57.26	57.22	57.18	57.14
472	57.1	57.09	57.08	57.07	57.06	57.05	57.04	57.03	57.02	57.01
473	57	56.96	56.92	56.88	56.84	56.8	56.76	56.72	56.68	56.64
474	56.6	56.55	56.5	56.45	56.4	56.35	56.3	56.25	56.2	56.15
475	56.1	56.09	56.08	56.07	56.06	56.05	56.04	56.03	56.02	56.01
476	56	55.98	55.96	55.94	55.92	55.9	55.88	55.86	55.84	55.82
477	55.8	55.77	55.74	55.71	55.68	55.65	55.62	55.59	55.56	55.53
478	55.5	55.47	55.44	55.41	55.38	55.35	55.32	55.29	55.26	55.23
479	55.2	55.19	55.18	55.17	55.16	55.15	55.14	55.13	55.12	55.11
480	55.1	55.09	55.08	55.07	55.06	55.05	55.04	55.03	55.02	55.01
481	55	54.99	54.98	54.97	54.96	54.95	54.94	54.93	54.92	54.91
482	54.9	54.9	54.9	54.9	54.9	54.9	54.9	54.9	54.9	54.9
483	54.9	54.9	54.9	54.9	54.9	54.9	54.9	54.9	54.9	54.9
484	54.9	54.9	54.9	54.9	54.9	54.9	54.9	54.9	54.9	54.9
485	54.9	54.9	54.9	54.9	54.9	54.9	54.9	54.9	54.9	54.9
486	54.9	54.9	54.9	54.9	54.9	54.9	54.9	54.9	54.9	54.9
487	54.9	54.91	54.92	54.93	54.94	54.95	54.96	54.97	54.98	54.99
488	55	55	55	55	55	55	55	55	55	55
489	55	55	55	55	55	55	55	55	55	55
490	55	55	55	55	55	55	55	55	55	55
491	55	55	55	55	55	55	55	55	55	55
492	55	55	55	55	55	55	55	55	55	55
493	55	55.01	55.02	55.03	55.04	55.05	55.06	55.07	55.08	55.09
494	55.1	55.1	55.1	55.1	55.1	55.1	55.1	55.1	55.1	55.1
495	55.1	55.09	55.08	55.07	55.06	55.05	55.04	55.03	55.02	55.01
496	55	54.99	54.98	54.97	54.96	54.95	54.94	54.93	54.92	54.91
497	54.9	54.9	54.9	54.9	54.9	54.9	54.9	54.9	54.9	54.9
498	54.9	54.89	54.88	54.87	54.86	54.85	54.84	54.83	54.82	54.81
499	54.8	54.79	54.78	54.77	54.76	54.75	54.74	54.73	54.72	54.71
500	54.7	54.69	54.68	54.67	54.66	54.65	54.64	54.63	54.62	54.61
501	54.6	54.58	54.56	54.54	54.52	54.5	54.48	54.46	54.44	54.42
502	54.4	54.39	54.38	54.37	54.36	54.35	54.34	54.33	54.32	54.31
503	54.3	54.3	54.3	54.3	54.3	54.3	54.3	54.3	54.3	54.3
504	54.3	54.29	54.28	54.27	54.26	54.25	54.24	54.23	54.22	54.21
505	54.2	54.19	54.18	54.17	54.16	54.15	54.14	54.13	54.12	54.11
506	54.1	54.1	54.1	54.1	54.1	54.1	54.1	54.1	54.1	54.1
507	54.1	54.1	54.1	54.1	54.1	54.1	54.1	54.1	54.1	54.1
508	54.1	54.09	54.08	54.07	54.06	54.05	54.04	54.03	54.02	54.01
509	54	54	54	54	54	54	54	54	54	54
510	54	54	54	54	54	54	54	54	54	54
511	54	54	54	54	54	54	54	54	54	54
512	54	54	54	54	54	54	54	54	54	54
513	54	54	54	54	54	54	54	54	54	54
514	54	54	54	54	54	54	54	54	54	54
515	54	54	54	54	54	54	54	54	54	54
516	54	54.01	54.02	54.03	54.04	54.05	54.06	54.07	54.08	54.09
517	54.1	54.11	54.12	54.13	54.14	54.15	54.16	54.17	54.18	54.19
518	54.2	54.23	54.26	54.29	54.32	54.35	54.38	54.41	54.44	54.47
519	54.5	54.53	54.56	54.59	54.62	54.65	54.68	54.71	54.74	54.77
520	54.8	54.81	54.82	54.83	54.84	54.85	54.86	54.87	54.88	54.89
521	54.9	54.91	54.92	54.93	54.94	54.95	54.96	54.97	54.98	54.99
522	55	55.01	55.02	55.03	55.04	55.05	55.06	55.07	55.08	55.09
523	55.1	55.11	55.12	55.13	55.14	55.15	55.16	55.17	55.18	55.19
524	55.2	55.2	55.2	55.2	55.2	55.2	55.2	55.2	55.2	55.2
525	55.2	55.21	55.22	55.23	55.24	55.25	55.26	55.27	55.28	55.29
526	55.3	55.31	55.32	55.33	55.34	55.35	55.36	55.37	55.38	55.39
527	55.4	55.41	55.42	55.43	55.44	55.45	55.46	55.47	55.48	55.49
528	55.5	55.51	55.52	55.53	55.54	55.55	55.56	55.57	55.58	55.59
529	55.6	55.61	55.62	55.63	55.64	55.65	55.66	55.67	55.68	55.69
530	55.7	55.71	55.72	55.73	55.74	55.75	55.76	55.77	55.78	55.79
531	55.8	55.81	55.82	55.83	55.84	55.85	55.86	55.87	55.88	55.89
532	55.9	55.91	55.92	55.93	55.94	55.95	55.96	55.97	55.98	55.99
533	56	56	56	56	56	56	56	56	56	56
534	56	56	56	56	56	56	56	56	56	56
535	56	56	56	56	56	56	56	56	56	56
536	56	56	56	56	56	56	56	56	56	56
537	56	56	56	56	56	56	56	56	56	56
538	56	56	56	56	56	56	56	56	56	56
539	56	56	56	56	56	56	56	56	56	56
540	56	56	56	56	56	56	56	56	56	56
541	56	56	56	56	56	56	56	56	56	56
542	56	56	56	56	56	56	56	56	56	56
543	56	56	56	56	56	56	56	56	56	56
544	56	56	56	56	56	56	56	56	56	56
545	56	56	56	56	56	56	56	56	56	56
546	56	55.99	55.98	55.97	55.96	55.95	55.94	55.93	55.92	55.91
547	55.9	55.9	55.9	55.9	55.9	55.9	55.9	55.9	55.9	55.9
548	55.9	55.9	55.9	55.9	55.9	55.9	55.9	55.9	55.9	55.9
549	55.9	55.89	55.88	55.87	55.86	55.85	55.84	55.83	55.82	55.81
550	55.8	55.78	55.76	55.74	55.72	55.7	55.68	55.66	55.64	55.62
551	55.6	55.58	55.56	55.54	55.52	55.5	55.48	55.46	55.44	55.42
552	55.4	55.38	55.36	55.34	55.32	55.3	55.28	55.26	55.24	55.22
553	55.2	55.19	55.18	55.17	55.16	55.15	55.14	55.13	55.12	55.11
554	55.1	55.09	55.08	55.07	55.06	55.05	55.04	55.03	55.02	55.01
555	55	54.99	54.98	54.97	54.96	54.95	54.94	54.93	54.92	54.91
556	54.9	54.87	54.84	54.81	54.78	54.75	54.72	54.69	54.66	54.63
557	54.6	54.58	54.56	54.54	54.52	54.5	54.48	54.46	54.44	54.42
558	54.4	54.38	54.36	54.34	54.32	54.3	54.28	54.26	54.24	54.22
559	54.2	54.19	54.18	54.17	54.16	54.15	54.14	54.13	54.12	54.11
560	54.1	54.07	54.04	54.01	53.98	53.95	53.92	53.89	53.86	53.83
561	53.8	53.76	53.72	53.68	53.64	53.6	53.56	53.52	53.48	53.44
562	53.4	53.39	53.38	53.37	53.36	53.35	53.34	53.33	53.32	53.31
563	53.3	53.28	53.26	53.24	53.22	53.2	53.18	53.16	53.14	53.12
564	53.1	53.08	53.06	53.04	53.02	53	52.98	52.96	52.94	52.92
565	52.9	52.87	52.84	52.81	52.78	52.75	52.72	52.69	52.66	52.63
566	52.6	52.58	52.56	52.54	52.52	52.5	52.48	52.46	52.44	52.42
567	52.4	52.38	52.36	52.34	52.32	52.3	52.28	52.26	52.24	52.22
568	52.2	52.19	52.18	52.17	52.16	52.15	52.14	52.13	52.12	52.11
569	52.1	52.09	52.08	52.07	52.06	52.05	52.04	52.03	52.02	52.01
570	52	52	52	52	52	52	52	52	52	52
571	52	52	52	52	52	52	52	52	52	52
572	52	52	52	52	52	52	52	52	52	52
573	52	52.01	52.02	52.03	52.04	52.05	52.06	52.07	52.08	52.09
574	52.1	52.09	52.08	52.07	52.06	52.05	52.04	52.03	52.02	52.01
575	52	52	52	52	52	52	52	52	52	52
576	52	51.99	51.98	51.97	51.96	51.95	51.94	51.93	51.92	51.91
577	51.9	51.87	51.84	51.81	51.78	51.75	51.72	51.69	51.66	51.63
578	51.6	51.58	51.56	51.54	51.52	51.5	51.48	51.46	51.44	51.42
579	51.4	51.37	51.34	51.31	51.28	51.25	51.22	51.19	51.16	51.13
580	51.1	51.06	51.02	50.98	50.94	50.9	50.86	50.82	50.78	50.74
581	50.7	50.66	50.62	50.58	50.54	50.5	50.46	50.42	50.38	50.34
582	50.3	50.25	50.2	50.15	50.1	50.05	50	49.95	49.9	49.85
583	49.8	49.75	49.7	49.65	49.6	49.55	49.5	49.45	49.4	49.35
584	49.3	49.24	49.18	49.12	49.06	49	48.94	48.88	48.82	48.76
585	48.7	48.65	48.6	48.55	48.5	48.45	48.4	48.35	48.3	48.25
586	48.2	48.19	48.18	48.17	48.16	48.15	48.14	48.13	48.12	48.11
587	48.1	48.09	48.08	48.07	48.06	48.05	48.04	48.03	48.02	48.01
588	48	48	48	48	48	48	48	48	48	48
589	48	48.01	48.02	48.03	48.04	48.05	48.06	48.07	48.08	48.09
590	48.1	48.13	48.16	48.19	48.22	48.25	48.28	48.31	48.34	48.37
591	48.4	48.45	48.5	48.55	48.6	48.65	48.7	48.75	48.8	48.85
592	48.9	48.91	48.92	48.93	48.94	48.95	48.96	48.97	48.98	48.99
593	49	49.01	49.02	49.03	49.04	49.05	49.06	49.07	49.08	49.09
594	49.1	49.1	49.1	49.1	49.1	49.1	49.1	49.1	49.1	49.1
595	49.1	49.09	49.08	49.07	49.06	49.05	49.04	49.03	49.02	49.01
596	49	49	49	49	49	49	49	49	49	49
597	49	48.99	48.98	48.97	48.96	48.95	48.94	48.93	48.92	48.91
598	48.9	48.87	48.84	48.81	48.78	48.75	48.72	48.69	48.66	48.63
599	48.6	48.57	48.54	48.51	48.48	48.45	48.42	48.39	48.36	48.33
600	48.3	48.27	48.24	48.21	48.18	48.15	48.12	48.09	48.06	48.03
601	48	47.99	47.98	47.97	47.96	47.95	47.94	47.93	47.92	47.91
602	47.9	47.89	47.88	47.87	47.86	47.85	47.84	47.83	47.82	47.81
603	47.8	47.79	47.78	47.77	47.76	47.75	47.74	47.73	47.72	47.71
604	47.7	47.72	47.74	47.76	47.78	47.8	47.82	47.84	47.86	47.88
605	47.9	47.94	47.98	48.02	48.06	48.1	48.14	48.18	48.22	48.26
606	48.3	48.37	48.44	48.51	48.58	48.65	48.72	48.79	48.86	48.93
607	49	49.01	49.02	49.03	49.04	49.05	49.06	49.07	49.08	49.09
608	49.1	49.09	49.08	49.07	49.06	49.05	49.04	49.03	49.02	49.01
609	49	48.99	48.98	48.97	48.96	48.95	48.94	48.93	48.92	48.91
610	48.9	48.81	48.72	48.63	48.54	48.45	48.36	48.27	48.18	48.09
611	48	47.91	47.82	47.73	47.64	47.55	47.46	47.37	47.28	47.19
612	47.1	47.01	46.92	46.83	46.74	46.65	46.56	46.47	46.38	46.29
613	46.2	46.19	46.18	46.17	46.16	46.15	46.14	46.13	46.12	46.11
614	46.1	46.1	46.1	46.1	46.1	46.1	46.1	46.1	46.1	46.1
615	46.1	46.11	46.12	46.13	46.14	46.15	46.16	46.17	46.18	46.19
616	46.2	46.27	46.34	46.41	46.48	46.55	46.62	46.69	46.76	46.83
617	46.9	46.99	47.08	47.17	47.26	47.35	47.44	47.53	47.62	47.71
618	47.8	47.92	48.04	48.16	48.28	48.4	48.52	48.64	48.76	48.88
619	49	49.07	49.14	49.21	49.28	49.35	49.42	49.49	49.56	49.63
620	49.7	49.79	49.88	49.97	50.06	50.15	50.24	50.33	50.42	50.51
621	50.6	50.69	50.78	50.87	50.96	51.05	51.14	51.23	51.32	51.41
622	51.5	51.57	51.64	51.71	51.78	51.85	51.92	51.99	52.06	52.13
623	52.2	52.25	52.3	52.35	52.4	52.45	52.5	52.55	52.6	52.65
624	52.7	52.73	52.76	52.79	52.82	52.85	52.88	52.91	52.94	52.97
625	53	53.06	53.12	53.18	53.24	53.3	53.36	53.42	53.48	53.54
626	53.6	53.64	53.68	53.72	53.76	53.8	53.84	53.88	53.92	53.96
627	54	54.01	54.02	54.03	54.04	54.05	54.06	54.07	54.08	54.09
628	54.1	54.13	54.16	54.19	54.22	54.25	54.28	54.31	54.34	54.37
629	54.4	54.43	54.46	54.49	54.52	54.55	54.58	54.61	54.64	54.67
630	54.7	54.74	54.78	54.82	54.86	54.9	54.94	54.98	55.02	55.06
631	55.1	55.13	55.16	55.19	55.22	55.25	55.28	55.31	55.34	55.37
632	55.4	55.4	55.4	55.4	55.4	55.4	55.4	55.4	55.4	55.4
633	55.4	55.36	55.32	55.28	55.24	55.2	55.16	55.12	55.08	55.04
634	55	54.95	54.9	54.85	54.8	54.75	54.7	54.65	54.6	54.55
635	54.5	54.41	54.32	54.23	54.14	54.05	53.96	53.87	53.78	53.69
636	53.6	53.49	53.38	53.27	53.16	53.05	52.94	52.83	52.72	52.61
637	52.5	52.27	52.04	51.81	51.58	51.35	51.12	50.89	50.66	50.43
638	50.2	50	49.8	49.6	49.4	49.2	49	48.8	48.6	48.4
639	48.2	48.03	47.86	47.69	47.52	47.35	47.18	47.01	46.84	46.67
640	46.5	46.47	46.44	46.41	46.38	46.35	46.32	46.29	46.26	46.23
641	46.2	46.18	46.16	46.14	46.12	46.1	46.08	46.06	46.04	46.02
642	46	46	46	46	46	46	46	46	46	46
643	46	46.03	46.06	46.09	46.12	46.15	46.18	46.21	46.24	46.27
644	46.3	46.35	46.4	46.45	46.5	46.55	46.6	46.65	46.7	46.75
645	46.8	46.87	46.94	47.01	47.08	47.15	47.22	47.29	47.36	47.43
646	47.5	47.57	47.64	47.71	47.78	47.85	47.92	47.99	48.06	48.13
647	48.2	48.26	48.32	48.38	48.44	48.5	48.56	48.62	48.68	48.74
648	48.8	48.87	48.94	49.01	49.08	49.15	49.22	49.29	49.36	49.43
649	49.5	49.57	49.64	49.71	49.78	49.85	49.92	49.99	50.06	50.13
650	50.2	50.25	50.3	50.35	50.4	50.45	50.5	50.55	50.6	50.65
651	50.7	50.74	50.78	50.82	50.86	50.9	50.94	50.98	51.02	51.06
652	51.1	51.16	51.22	51.28	51.34	51.4	51.46	51.52	51.58	51.64
653	51.7	51.75	51.8	51.85	51.9	51.95	52	52.05	52.1	52.15
654	52.2	52.23	52.26	52.29	52.32	52.35	52.38	52.41	52.44	52.47
655	52.5	52.46	52.42	52.38	52.34	52.3	52.26	52.22	52.18	52.14
656	52.1	52.05	52	51.95	51.9	51.85	51.8	51.75	51.7	51.65
657	51.6	51.55	51.5	51.45	51.4	51.35	51.3	51.25	51.2	51.15
658	51.1	51.09	51.08	51.07	51.06	51.05	51.04	51.03	51.02	51.01
659	51	51	51	51	51	51	51	51	51	51
660	51	51.01	51.02	51.03	51.04	51.05	51.06	51.07	51.08	51.09
661	51.1	51.13	51.16	51.19	51.22	51.25	51.28	51.31	51.34	51.37
662	51.4	51.43	51.46	51.49	51.52	51.55	51.58	51.61	51.64	51.67
663	51.7	51.73	51.76	51.79	51.82	51.85	51.88	51.91	51.94	51.97
664	52	52.02	52.04	52.06	52.08	52.1	52.12	52.14	52.16	52.18
665	52.2	52.23	52.26	52.29	52.32	52.35	52.38	52.41	52.44	52.47
666	52.5	52.53	52.56	52.59	52.62	52.65	52.68	52.71	52.74	52.77
667	52.8	52.79	52.78	52.77	52.76	52.75	52.74	52.73	52.72	52.71
668	52.7	52.69	52.68	52.67	52.66	52.65	52.64	52.63	52.62	52.61
669	52.6	52.57	52.54	52.51	52.48	52.45	52.42	52.39	52.36	52.33
670	52.3	52.3	52.3	52.3	52.3	52.3	52.3	52.3	52.3	52.3
671	52.3	52.31	52.32	52.33	52.34	52.35	52.36	52.37	52.38	52.39
672	52.4	52.41	52.42	52.43	52.44	52.45	52.46	52.47	52.48	52.49
673	52.5	52.52	52.54	52.56	52.58	52.6	52.62	52.64	52.66	52.68
674	52.7	52.7	52.7	52.7	52.7	52.7	52.7	52.7	52.7	52.7
675	52.7	52.67	52.64	52.61	52.58	52.55	52.52	52.49	52.46	52.43
676	52.4	52.37	52.34	52.31	52.28	52.25	52.22	52.19	52.16	52.13
677	52.1	52.06	52.02	51.98	51.94	51.9	51.86	51.82	51.78	51.74
678	51.7	51.64	51.58	51.52	51.46	51.4	51.34	51.28	51.22	51.16
679	51.1	51.04	50.98	50.92	50.86	50.8	50.74	50.68	50.62	50.56
680	50.5	50.46	50.42	50.38	50.34	50.3	50.26	50.22	50.18	50.14
681	50.1	50.07	50.04	50.01	49.98	49.95	49.92	49.89	49.86	49.83
682	49.8	49.79	49.78	49.77	49.76	49.75	49.74	49.73	49.72	49.71
683	49.7	49.69	49.68	49.67	49.66	49.65	49.64	49.63	49.62	49.61
684	49.6	49.59	49.58	49.57	49.56	49.55	49.54	49.53	49.52	49.51
685	49.5	49.5	49.5	49.5	49.5	49.5	49.5	49.5	49.5	49.5
686	49.5	49.52	49.54	49.56	49.58	49.6	49.62	49.64	49.66	49.68
687	49.7	49.73	49.76	49.79	49.82	49.85	49.88	49.91	49.94	49.97
688	50	50.02	50.04	50.06	50.08	50.1	50.12	50.14	50.16	50.18
689	50.2	50.24	50.28	50.32	50.36	50.4	50.44	50.48	50.52	50.56
690	50.6	50.65	50.7	50.75	50.8	50.85	50.9	50.95	51	51.05
691	51.1	51.15	51.2	51.25	51.3	51.35	51.4	51.45	51.5	51.55
692	51.6	51.63	51.66	51.69	51.72	51.75	51.78	51.81	51.84	51.87
693	51.9	51.91	51.92	51.93	51.94	51.95	51.96	51.97	51.98	51.99
694	52	52.01	52.02	52.03	52.04	52.05	52.06	52.07	52.08	52.09
695	52.1	52.13	52.16	52.19	52.22	52.25	52.28	52.31	52.34	52.37
696	52.4	52.45	52.5	52.55	52.6	52.65	52.7	52.75	52.8	52.85
697	52.9	52.94	52.98	53.02	53.06	53.1	53.14	53.18	53.22	53.26
698	53.3	53.34	53.38	53.42	53.46	53.5	53.54	53.58	53.62	53.66
699	53.7	53.75	53.8	53.85	53.9	53.95	54	54.05	54.1	54.15
700	54.2	54.23	54.26	54.29	54.32	54.35	54.38	54.41	54.44	54.47
701	54.5	54.53	54.56	54.59	54.62	54.65	54.68	54.71	54.74	54.77
702	54.8	54.82	54.84	54.86	54.88	54.9	54.92	54.94	54.96	54.98
703	55	55.05	55.1	55.15	55.2	55.25	55.3	55.35	55.4	55.45
704	55.5	55.54	55.58	55.62	55.66	55.7	55.74	55.78	55.82	55.86
705	55.9	55.92	55.94	55.96	55.98	56	56.02	56.04	56.06	56.08
706	56.1	56.12	56.14	56.16	56.18	56.2	56.22	56.24	56.26	56.28
707	56.3	56.31	56.32	56.33	56.34	56.35	56.36	56.37	56.38	56.39
708	56.4	56.41	56.42	56.43	56.44	56.45	56.46	56.47	56.48	56.49
709	56.5	56.52	56.54	56.56	56.58	56.6	56.62	56.64	56.66	56.68
710	56.7	56.72	56.74	56.76	56.78	56.8	56.82	56.84	56.86	56.88
711	56.9	56.91	56.92	56.93	56.94	56.95	56.96	56.97	56.98	56.99
712	57	57.03	57.06	57.09	57.12	57.15	57.18	57.21	57.24	57.27
713	57.3	57.34	57.38	57.42	57.46	57.5	57.54	57.58	57.62	57.66
714	57.7	57.75	57.8	57.85	57.9	57.95	58	58.05	58.1	58.15
715	58.2	58.26	58.32	58.38	58.44	58.5	58.56	58.62	58.68	58.74
716	58.8	58.83	58.86	58.89	58.92	58.95	58.98	59.01	59.04	59.07
717	59.1	59.11	59.12	59.13	59.14	59.15	59.16	59.17	59.18	59.19
718	59.2	59.19	59.18	59.17	59.16	59.15	59.14	59.13	59.12	59.11
719	59.1	59.07	59.04	59.01	58.98	58.95	58.92	58.89	58.86	58.83
720	58.8	58.77	58.74	58.71	58.68	58.65	58.62	58.59	58.56	58.53
721	58.5	58.46	58.42	58.38	58.34	58.3	58.26	58.22	58.18	58.14
722	58.1	58.06	58.02	57.98	57.94	57.9	57.86	57.82	57.78	57.74
723	57.7	57.66	57.62	57.58	57.54	57.5	57.46	57.42	57.38	57.34
724	57.3	57.28	57.26	57.24	57.22	57.2	57.18	57.16	57.14	57.12
725	57.1	57.07	57.04	57.01	56.98	56.95	56.92	56.89	56.86	56.83
726	56.8	56.77	56.74	56.71	56.68	56.65	56.62	56.59	56.56	56.53
727	56.5	56.47	56.44	56.41	56.38	56.35	56.32	56.29	56.26	56.23
728	56.2	56.13	56.06	55.99	55.92	55.85	55.78	55.71	55.64	55.57
729	55.5	55.41	55.32	55.23	55.14	55.05	54.96	54.87	54.78	54.69
730	54.6	54.55	54.5	54.45	54.4	54.35	54.3	54.25	54.2	54.15
731	54.1	54.06	54.02	53.98	53.94	53.9	53.86	53.82	53.78	53.74
732	53.7	53.65	53.6	53.55	53.5	53.45	53.4	53.35	53.3	53.25
733	53.2	53.17	53.14	53.11	53.08	53.05	53.02	52.99	52.96	52.93
734	52.9	52.86	52.82	52.78	52.74	52.7	52.66	52.62	52.58	52.54
735	52.5	52.45	52.4	52.35	52.3	52.25	52.2	52.15	52.1	52.05
736	52	51.93	51.86	51.79	51.72	51.65	51.58	51.51	51.44	51.37
737	51.3	51.22	51.14	51.06	50.98	50.9	50.82	50.74	50.66	50.58
738	50.5	50.4	50.3	50.2	50.1	50	49.9	49.8	49.7	49.6
739	49.5	49.4	49.3	49.2	49.1	49	48.9	48.8	48.7	48.6
740	48.5	48.41	48.32	48.23	48.14	48.05	47.96	47.87	47.78	47.69
741	47.6	47.52	47.44	47.36	47.28	47.2	47.12	47.04	46.96	46.88
742	46.8	46.68	46.56	46.44	46.32	46.2	46.08	45.96	45.84	45.72
743	45.6	45.46	45.32	45.18	45.04	44.9	44.76	44.62	44.48	44.34
744	44.2	44.03	43.86	43.69	43.52	43.35	43.18	43.01	42.84	42.67
745	42.5	42.17	41.84	41.51	41.18	40.85	40.52	40.19	39.86	39.53
746	39.2	38.87	38.54	38.21	37.88	37.55	37.22	36.89	36.56	36.23
747	35.9	35.57	35.24	34.91	34.58	34.25	33.92	33.59	33.26	32.93
748	32.6	32.27	31.94	31.61	31.28	30.95	30.62	30.29	29.96	29.63
749	29.3	29.05	28.8	28.55	28.3	28.05	27.8	27.55	27.3	27.05
750	26.8	26.57	26.34	26.11	25.88	25.65	25.42	25.19	24.96	24.73
751	24.5	24.2	23.9	23.6	23.3	23	22.7	22.4	22.1	21.8
752	21.5	21.3	21.1	20.9	20.7	20.5	20.3	20.1	19.9	19.7
753	19.5	19.29	19.08	18.87	18.66	18.45	18.24	18.03	17.82	17.61
754	17.4	17.17	16.94	16.71	16.48	16.25	16.02	15.79	15.56	15.33
755	15.1	14.83	14.56	14.29	14.02	13.75	13.48	13.21	12.94	12.67
756	12.4	12.13	11.86	11.59	11.32	11.05	10.78	10.51	10.24	9.97
757	9.7	9.43	9.16	8.89	8.62	8.35	8.08	7.81	7.54	7.27
758	7	6.8	6.6	6.4	6.2	6	5.8	5.6	5.4	5.2
759	5	4.83	4.66	4.49	4.32	4.15	3.98	3.81	3.64	3.47
760	3.3	3.17	3.04	2.91	2.78	2.65	2.52	2.39	2.26	2.13
761	2	1.87	1.74	1.61	1.48	1.35	1.22	1.09	0.96	0.83
762	0.7	0.63	0.56	0.49	0.42	0.35	0.28	0.21	0.14	0.07
763	0	0	0	0	0	0	0	0	0	0
764	0	0	0	0	0	0	0	0	0	0
765	0	0	0	0	0	0	0	0	0	0
766	0	0	0	0	0	0	0	0	0	0
767	0	0	0	0	0	0	0	0	0	0
768	0	0	0	0	0	0	0	0	0	0
769	0	0	0	0	0	0	0	0	0	0
770	0	0	0	0	0	0	0	0	0	0
771	0	0	0	0	0	0	0	0	0	0
772	0	0	0	0	0	0	0	0	0	0
773	0	0	0	0	0	0	0	0	0	0
774	0	0	0	0	0	0	0	0	0	0
775	0	0	0	0	0	0	0	0	0	0
776	0	0	0	0	0	0	0	0	0	0
777	0	0	0	0	0	0	0	0	0	0
778	0	0	0	0	0	0	0	0	0	0
779	0	0	0	0	0	0	0	0	0	0
780	0	0	0	0	0	0	0	0	0	0
781	0	0	0	0	0	0	0	0	0	0
782	0	0.2	0.4	0.6	0.8	1	1.2	1.4	1.6	1.8
783	2	2.29	2.58	2.87	3.16	3.45	3.74	4.03	4.32	4.61
784	4.9	5.22	5.54	5.86	6.18	6.5	6.82	7.14	7.46	7.78
785	8.1	8.42	8.74	9.06	9.38	9.7	10.02	10.34	10.66	10.98
786	11.3	11.62	11.94	12.26	12.58	12.9	13.22	13.54	13.86	14.18
787	14.5	14.78	15.06	15.34	15.62	15.9	16.18	16.46	16.74	17.02
788	17.3	17.53	17.76	17.99	18.22	18.45	18.68	18.91	19.14	19.37
789	19.6	19.82	20.04	20.26	20.48	20.7	20.92	21.14	21.36	21.58
790	21.8	22.02	22.24	22.46	22.68	22.9	23.12	23.34	23.56	23.78
791	24	24.18	24.36	24.54	24.72	24.9	25.08	25.26	25.44	25.62
792	25.8	25.93	26.06	26.19	26.32	26.45	26.58	26.71	26.84	26.97
793	27.1	27.19	27.28	27.37	27.46	27.55	27.64	27.73	27.82	27.91
794	28	28.1	28.2	28.3	28.4	28.5	28.6	28.7	28.8	28.9
795	29	29.1	29.2	29.3	29.4	29.5	29.6	29.7	29.8	29.9
796	30	30.07	30.14	30.21	30.28	30.35	30.42	30.49	30.56	30.63
797	30.7	30.78	30.86	30.94	31.02	31.1	31.18	31.26	31.34	31.42
798	31.5	31.57	31.64	31.71	31.78	31.85	31.92	31.99	32.06	32.13
799	32.2	32.27	32.34	32.41	32.48	32.55	32.62	32.69	32.76	32.83
800	32.9	32.96	33.02	33.08	33.14	33.2	33.26	33.32	33.38	33.44
801	33.5	33.56	33.62	33.68	33.74	33.8	33.86	33.92	33.98	34.04
802	34.1	34.15	34.2	34.25	34.3	34.35	34.4	34.45	34.5	34.55
803	34.6	34.63	34.66	34.69	34.72	34.75	34.78	34.81	34.84	34.87
804	34.9	34.92	34.94	34.96	34.98	35	35.02	35.04	35.06	35.08
805	35.1	35.16	35.22	35.28	35.34	35.4	35.46	35.52	35.58	35.64
806	35.7	35.72	35.74	35.76	35.78	35.8	35.82	35.84	35.86	35.88
807	35.9	35.89	35.88	35.87	35.86	35.85	35.84	35.83	35.82	35.81
808	35.8	35.75	35.7	35.65	35.6	35.55	35.5	35.45	35.4	35.35
809	35.3	35.26	35.22	35.18	35.14	35.1	35.06	35.02	34.98	34.94
810	34.9	34.86	34.82	34.78	34.74	34.7	34.66	34.62	34.58	34.54
811	34.5	34.51	34.52	34.53	34.54	34.55	34.56	34.57	34.58	34.59
812	34.6	34.62	34.64	34.66	34.68	34.7	34.72	34.74	34.76	34.78
813	34.8	34.83	34.86	34.89	34.92	34.95	34.98	35.01	35.04	35.07
814	35.1	35.16	35.22	35.28	35.34	35.4	35.46	35.52	35.58	35.64
815	35.7	35.74	35.78	35.82	35.86	35.9	35.94	35.98	36.02	36.06
816	36.1	36.11	36.12	36.13	36.14	36.15	36.16	36.17	36.18	36.19
817	36.2	36.23	36.26	36.29	36.32	36.35	36.38	36.41	36.44	36.47
818	36.5	36.52	36.54	36.56	36.58	36.6	36.62	36.64	36.66	36.68
819	36.7	36.72	36.74	36.76	36.78	36.8	36.82	36.84	36.86	36.88
820	36.9	36.91	36.92	36.93	36.94	36.95	36.96	36.97	36.98	36.99
821	37	37	37	37	37	37	37	37	37	37
822	37	37	37	37	37	37	37	37	37	37
823	37	37	37	37	37	37	37	37	37	37
824	37	37	37	37	37	37	37	37	37	37
825	37	37	37	37	37	37	37	37	37	37
826	37	37.01	37.02	37.03	37.04	37.05	37.06	37.07	37.08	37.09
827	37.1	37.12	37.14	37.16	37.18	37.2	37.22	37.24	37.26	37.28
828	37.3	37.35	37.4	37.45	37.5	37.55	37.6	37.65	37.7	37.75
829	37.8	37.88	37.96	38.04	38.12	38.2	38.28	38.36	38.44	38.52
830	38.6	38.67	38.74	38.81	38.88	38.95	39.02	39.09	39.16	39.23
831	39.3	39.37	39.44	39.51	39.58	39.65	39.72	39.79	39.86	39.93
832	40	40.07	40.14	40.21	40.28	40.35	40.42	40.49	40.56	40.63
833	40.7	40.77	40.84	40.91	40.98	41.05	41.12	41.19	41.26	41.33
834	41.4	41.48	41.56	41.64	41.72	41.8	41.88	41.96	42.04	42.12
835	42.2	42.27	42.34	42.41	42.48	42.55	42.62	42.69	42.76	42.83
836	42.9	42.96	43.02	43.08	43.14	43.2	43.26	43.32	43.38	43.44
837	43.5	43.55	43.6	43.65	43.7	43.75	43.8	43.85	43.9	43.95
838	44	44.03	44.06	44.09	44.12	44.15	44.18	44.21	44.24	44.27
839	44.3	44.32	44.34	44.36	44.38	44.4	44.42	44.44	44.46	44.48
840	44.5	44.53	44.56	44.59	44.62	44.65	44.68	44.71	44.74	44.77
841	44.8	44.81	44.82	44.83	44.84	44.85	44.86	44.87	44.88	44.89
842	44.9	44.91	44.92	44.93	44.94	44.95	44.96	44.97	44.98	44.99
843	45	45.01	45.02	45.03	45.04	45.05	45.06	45.07	45.08	45.09
844	45.1	45.13	45.16	45.19	45.22	45.25	45.28	45.31	45.34	45.37
845	45.4	45.43	45.46	45.49	45.52	45.55	45.58	45.61	45.64	45.67
846	45.7	45.73	45.76	45.79	45.82	45.85	45.88	45.91	45.94	45.97
847	46	46.03	46.06	46.09	46.12	46.15	46.18	46.21	46.24	46.27
848	46.3	46.32	46.34	46.36	46.38	46.4	46.42	46.44	46.46	46.48
849	46.5	46.53	46.56	46.59	46.62	46.65	46.68	46.71	46.74	46.77
850	46.8	46.81	46.82	46.83	46.84	46.85	46.86	46.87	46.88	46.89
851	46.9	46.91	46.92	46.93	46.94	46.95	46.96	46.97	46.98	46.99
852	47	47.01	47.02	47.03	47.04	47.05	47.06	47.07	47.08	47.09
853	47.1	47.11	47.12	47.13	47.14	47.15	47.16	47.17	47.18	47.19
854	47.2	47.21	47.22	47.23	47.24	47.25	47.26	47.27	47.28	47.29
855	47.3	47.29	47.28	47.27	47.26	47.25	47.24	47.23	47.22	47.21
856	47.2	47.19	47.18	47.17	47.16	47.15	47.14	47.13	47.12	47.11
857	47.1	47.09	47.08	47.07	47.06	47.05	47.04	47.03	47.02	47.01
858	47	46.99	46.98	46.97	46.96	46.95	46.94	46.93	46.92	46.91
859	46.9	46.9	46.9	46.9	46.9	46.9	46.9	46.9	46.9	46.9
860	46.9	46.9	46.9	46.9	46.9	46.9	46.9	46.9	46.9	46.9
861	46.9	46.91	46.92	46.93	46.94	46.95	46.96	46.97	46.98	46.99
862	47	47.01	47.02	47.03	47.04	47.05	47.06	47.07	47.08	47.09
863	47.1	47.1	47.1	47.1	47.1	47.1	47.1	47.1	47.1	47.1
864	47.1	47.11	47.12	47.13	47.14	47.15	47.16	47.17	47.18	47.19
865	47.2	47.19	47.18	47.17	47.16	47.15	47.14	47.13	47.12	47.11
866	47.1	47.09	47.08	47.07	47.06	47.05	47.04	47.03	47.02	47.01
867	47	46.99	46.98	46.97	46.96	46.95	46.94	46.93	46.92	46.91
868	46.9	46.86	46.82	46.78	46.74	46.7	46.66	46.62	46.58	46.54
869	46.5	46.48	46.46	46.44	46.42	46.4	46.38	46.36	46.34	46.32
870	46.3	46.29	46.28	46.27	46.26	46.25	46.24	46.23	46.22	46.21
871	46.2	46.21	46.22	46.23	46.24	46.25	46.26	46.27	46.28	46.29
872	46.3	46.32	46.34	46.36	46.38	46.4	46.42	46.44	46.46	46.48
873	46.5	46.54	46.58	46.62	46.66	46.7	46.74	46.78	46.82	46.86
874	46.9	46.92	46.94	46.96	46.98	47	47.02	47.04	47.06	47.08
875	47.1	47.13	47.16	47.19	47.22	47.25	47.28	47.31	47.34	47.37
876	47.4	47.43	47.46	47.49	47.52	47.55	47.58	47.61	47.64	47.67
877	47.7	47.73	47.76	47.79	47.82	47.85	47.88	47.91	47.94	47.97
878	48	48.02	48.04	48.06	48.08	48.1	48.12	48.14	48.16	48.18
879	48.2	48.23	48.26	48.29	48.32	48.35	48.38	48.41	48.44	48.47
880	48.5	48.53	48.56	48.59	48.62	48.65	48.68	48.71	48.74	48.77
881	48.8	48.83	48.86	48.89	48.92	48.95	48.98	49.01	49.04	49.07
882	49.1	49.11	49.12	49.13	49.14	49.15	49.16	49.17	49.18	49.19
883	49.2	49.19	49.18	49.17	49.16	49.15	49.14	49.13	49.12	49.11
884	49.1	49.1	49.1	49.1	49.1	49.1	49.1	49.1	49.1	49.1
885	49.1	49.09	49.08	49.07	49.06	49.05	49.04	49.03	49.02	49.01
886	49	49	49	49	49	49	49	49	49	49
887	49	49.01	49.02	49.03	49.04	49.05	49.06	49.07	49.08	49.09
888	49.1	49.11	49.12	49.13	49.14	49.15	49.16	49.17	49.18	49.19
889	49.2	49.21	49.22	49.23	49.24	49.25	49.26	49.27	49.28	49.29
890	49.3	49.31	49.32	49.33	49.34	49.35	49.36	49.37	49.38	49.39
891	49.4	49.41	49.42	49.43	49.44	49.45	49.46	49.47	49.48	49.49
892	49.5	49.5	49.5	49.5	49.5	49.5	49.5	49.5	49.5	49.5
893	49.5	49.5	49.5	49.5	49.5	49.5	49.5	49.5	49.5	49.5
894	49.5	49.49	49.48	49.47	49.46	49.45	49.44	49.43	49.42	49.41
895	49.4	49.37	49.34	49.31	49.28	49.25	49.22	49.19	49.16	49.13
896	49.1	49.08	49.06	49.04	49.02	49	48.98	48.96	48.94	48.92
897	48.9	48.87	48.84	48.81	48.78	48.75	48.72	48.69	48.66	48.63
898	48.6	48.58	48.56	48.54	48.52	48.5	48.48	48.46	48.44	48.42
899	48.4	48.37	48.34	48.31	48.28	48.25	48.22	48.19	48.16	48.13
900	48.1	48.06	48.02	47.98	47.94	47.9	47.86	47.82	47.78	47.74
901	47.7	47.67	47.64	47.61	47.58	47.55	47.52	47.49	47.46	47.43
902	47.4	47.39	47.38	47.37	47.36	47.35	47.34	47.33	47.32	47.31
903	47.3	47.32	47.34	47.36	47.38	47.4	47.42	47.44	47.46	47.48
904	47.5	47.53	47.56	47.59	47.62	47.65	47.68	47.71	47.74	47.77
905	47.8	47.81	47.82	47.83	47.84	47.85	47.86	47.87	47.88	47.89
906	47.9	47.91	47.92	47.93	47.94	47.95	47.96	47.97	47.98	47.99
907	48	47.99	47.98	47.97	47.96	47.95	47.94	47.93	47.92	47.91
908	47.9	47.9	47.9	47.9	47.9	47.9	47.9	47.9	47.9	47.9
909	47.9	47.9	47.9	47.9	47.9	47.9	47.9	47.9	47.9	47.9
910	47.9	47.91	47.92	47.93	47.94	47.95	47.96	47.97	47.98	47.99
911	48	48	48	48	48	48	48	48	48	48
912	48	48	48	48	48	48	48	48	48	48
913	48	47.99	47.98	47.97	47.96	47.95	47.94	47.93	47.92	47.91
914	47.9	47.84	47.78	47.72	47.66	47.6	47.54	47.48	47.42	47.36
915	47.3	47.17	47.04	46.91	46.78	46.65	46.52	46.39	46.26	46.13
916	46	45.73	45.46	45.19	44.92	44.65	44.38	44.11	43.84	43.57
917	43.3	43.09	42.88	42.67	42.46	42.25	42.04	41.83	41.62	41.41
918	41.2	41.03	40.86	40.69	40.52	40.35	40.18	40.01	39.84	39.67
919	39.5	39.47	39.44	39.41	39.38	39.35	39.32	39.29	39.26	39.23
920	39.2	39.18	39.16	39.14	39.12	39.1	39.08	39.06	39.04	39.02
921	39	39	39	39	39	39	39	39	39	39
922	39	39.01	39.02	39.03	39.04	39.05	39.06	39.07	39.08	39.09
923	39.1	39.14	39.18	39.22	39.26	39.3	39.34	39.38	39.42	39.46
924	39.5	39.56	39.62	39.68	39.74	39.8	39.86	39.92	39.98	40.04
925	40.1	40.19	40.28	40.37	40.46	40.55	40.64	40.73	40.82	40.91
926	41	41.1	41.2	41.3	41.4	41.5	41.6	41.7	41.8	41.9
927	42	42.11	42.22	42.33	42.44	42.55	42.66	42.77	42.88	42.99
928	43.1	43.16	43.22	43.28	43.34	43.4	43.46	43.52	43.58	43.64
929	43.7	43.74	43.78	43.82	43.86	43.9	43.94	43.98	44.02	44.06
930	44.1	44.12	44.14	44.16	44.18	44.2	44.22	44.24	44.26	44.28
931	44.3	44.31	44.32	44.33	44.34	44.35	44.36	44.37	44.38	44.39
932	44.4	44.42	44.44	44.46	44.48	44.5	44.52	44.54	44.56	44.58
933	44.6	44.61	44.62	44.63	44.64	44.65	44.66	44.67	44.68	44.69
934	44.7	44.72	44.74	44.76	44.78	44.8	44.82	44.84	44.86	44.88
935	44.9	44.93	44.96	44.99	45.02	45.05	45.08	45.11	45.14	45.17
936	45.2	45.25	45.3	45.35	45.4	45.45	45.5	45.55	45.6	45.65
937	45.7	45.72	45.74	45.76	45.78	45.8	45.82	45.84	45.86	45.88
938	45.9	45.94	45.98	46.02	46.06	46.1	46.14	46.18	46.22	46.26
939	46.3	46.35	46.4	46.45	46.5	46.55	46.6	46.65	46.7	46.75
940	46.8	46.81	46.82	46.83	46.84	46.85	46.86	46.87	46.88	46.89
941	46.9	46.91	46.92	46.93	46.94	46.95	46.96	46.97	46.98	46.99
942	47	47.01	47.02	47.03	47.04	47.05	47.06	47.07	47.08	47.09
943	47.1	47.15	47.2	47.25	47.3	47.35	47.4	47.45	47.5	47.55
944	47.6	47.63	47.66	47.69	47.72	47.75	47.78	47.81	47.84	47.87
945	47.9	47.91	47.92	47.93	47.94	47.95	47.96	47.97	47.98	47.99
946	48	48	48	48	48	48	48	48	48	48
947	48	47.99	47.98	47.97	47.96	47.95	47.94	47.93	47.92	47.91
948	47.9	47.89	47.88	47.87	47.86	47.85	47.84	47.83	47.82	47.81
949	47.8	47.75	47.7	47.65	47.6	47.55	47.5	47.45	47.4	47.35
950	47.3	47.24	47.18	47.12	47.06	47	46.94	46.88	46.82	46.76
951	46.7	46.65	46.6	46.55	46.5	46.45	46.4	46.35	46.3	46.25
952	46.2	46.17	46.14	46.11	46.08	46.05	46.02	45.99	45.96	45.93
953	45.9	45.88	45.86	45.84	45.82	45.8	45.78	45.76	45.74	45.72
954	45.7	45.68	45.66	45.64	45.62	45.6	45.58	45.56	45.54	45.52
955	45.5	45.49	45.48	45.47	45.46	45.45	45.44	45.43	45.42	45.41
956	45.4	45.39	45.38	45.37	45.36	45.35	45.34	45.33	45.32	45.31
957	45.3	45.27	45.24	45.21	45.18	45.15	45.12	45.09	45.06	45.03
958	45	44.9	44.8	44.7	44.6	44.5	44.4	44.3	44.2	44.1
959	44	43.91	43.82	43.73	43.64	43.55	43.46	43.37	43.28	43.19
960	43.1	43.01	42.92	42.83	42.74	42.65	42.56	42.47	42.38	42.29
961	42.2	42.13	42.06	41.99	41.92	41.85	41.78	41.71	41.64	41.57
962	41.5	41.5	41.5	41.5	41.5	41.5	41.5	41.5	41.5	41.5
963	41.5	41.56	41.62	41.68	41.74	41.8	41.86	41.92	41.98	42.04
964	42.1	42.18	42.26	42.34	42.42	42.5	42.58	42.66	42.74	42.82
965	42.9	42.96	43.02	43.08	43.14	43.2	43.26	43.32	43.38	43.44
966	43.5	43.54	43.58	43.62	43.66	43.7	43.74	43.78	43.82	43.86
967	43.9	43.87	43.84	43.81	43.78	43.75	43.72	43.69	43.66	43.63
968	43.6	43.57	43.54	43.51	43.48	43.45	43.42	43.39	43.36	43.33
969	43.3	43.27	43.24	43.21	43.18	43.15	43.12	43.09	43.06	43.03
970	43	43.01	43.02	43.03	43.04	43.05	43.06	43.07	43.08	43.09
971	43.1	43.13	43.16	43.19	43.22	43.25	43.28	43.31	43.34	43.37
972	43.4	43.45	43.5	43.55	43.6	43.65	43.7	43.75	43.8	43.85
973	43.9	43.94	43.98	44.02	44.06	44.1	44.14	44.18	44.22	44.26
974	44.3	44.33	44.36	44.39	44.42	44.45	44.48	44.51	44.54	44.57
975	44.6	44.63	44.66	44.69	44.72	44.75	44.78	44.81	44.84	44.87
976	44.9	44.89	44.88	44.87	44.86	44.85	44.84	44.83	44.82	44.81
977	44.8	44.76	44.72	44.68	44.64	44.6	44.56	44.52	44.48	44.44
978	44.4	44.35	44.3	44.25	44.2	44.15	44.1	44.05	44	43.95
979	43.9	43.85	43.8	43.75	43.7	43.65	43.6	43.55	43.5	43.45
980	43.4	43.38	43.36	43.34	43.32	43.3	43.28	43.26	43.24	43.22
981	43.2	43.2	43.2	43.2	43.2	43.2	43.2	43.2	43.2	43.2
982	43.2	43.19	43.18	43.17	43.16	43.15	43.14	43.13	43.12	43.11
983	43.1	43.09	43.08	43.07	43.06	43.05	43.04	43.03	43.02	43.01
984	43	43	43	43	43	43	43	43	43	43
985	43	43.01	43.02	43.03	43.04	43.05	43.06	43.07	43.08	43.09
986	43.1	43.13	43.16	43.19	43.22	43.25	43.28	43.31	43.34	43.37
987	43.4	43.45	43.5	43.55	43.6	43.65	43.7	43.75	43.8	43.85
988	43.9	43.91	43.92	43.93	43.94	43.95	43.96	43.97	43.98	43.99
989	44	43.95	43.9	43.85	43.8	43.75	43.7	43.65	43.6	43.55
990	43.5	43.41	43.32	43.23	43.14	43.05	42.96	42.87	42.78	42.69
991	42.6	42.49	42.38	42.27	42.16	42.05	41.94	41.83	41.72	41.61
992	41.5	41.42	41.34	41.26	41.18	41.1	41.02	40.94	40.86	40.78
993	40.7	40.63	40.56	40.49	40.42	40.35	40.28	40.21	40.14	40.07
994	40	40	40	40	40	40	40	40	40	40
995	40	40.03	40.06	40.09	40.12	40.15	40.18	40.21	40.24	40.27
996	40.3	40.37	40.44	40.51	40.58	40.65	40.72	40.79	40.86	40.93
997	41	41.1	41.2	41.3	41.4	41.5	41.6	41.7	41.8	41.9
998	42	42.07	42.14	42.21	42.28	42.35	42.42	42.49	42.56	42.63
999	42.7	42.74	42.78	42.82	42.86	42.9	42.94	42.98	43.02	43.06
1000	43.1	43.11	43.12	43.13	43.14	43.15	43.16	43.17	43.18	43.19
1001	43.2	43.22	43.24	43.26	43.28	43.3	43.32	43.34	43.36	43.38
1002	43.4	43.45	43.5	43.55	43.6	43.65	43.7	43.75	43.8	43.85
1003	43.9	43.94	43.98	44.02	44.06	44.1	44.14	44.18	44.22	44.26
1004	44.3	44.34	44.38	44.42	44.46	44.5	44.54	44.58	44.62	44.66
1005	44.7	44.74	44.78	44.82	44.86	44.9	44.94	44.98	45.02	45.06
1006	45.1	45.13	45.16	45.19	45.22	45.25	45.28	45.31	45.34	45.37
1007	45.4	45.44	45.48	45.52	45.56	45.6	45.64	45.68	45.72	45.76
1008	45.8	45.87	45.94	46.01	46.08	46.15	46.22	46.29	46.36	46.43
1009	46.5	46.54	46.58	46.62	46.66	46.7	46.74	46.78	46.82	46.86
1010	46.9	46.93	46.96	46.99	47.02	47.05	47.08	47.11	47.14	47.17
1011	47.2	47.22	47.24	47.26	47.28	47.3	47.32	47.34	47.36	47.38
1012	47.4	47.39	47.38	47.37	47.36	47.35	47.34	47.33	47.32	47.31
1013	47.3	47.3	47.3	47.3	47.3	47.3	47.3	47.3	47.3	47.3
1014	47.3	47.29	47.28	47.27	47.26	47.25	47.24	47.23	47.22	47.21
1015	47.2	47.2	47.2	47.2	47.2	47.2	47.2	47.2	47.2	47.2
1016	47.2	47.2	47.2	47.2	47.2	47.2	47.2	47.2	47.2	47.2
1017	47.2	47.19	47.18	47.17	47.16	47.15	47.14	47.13	47.12	47.11
1018	47.1	47.09	47.08	47.07	47.06	47.05	47.04	47.03	47.02	47.01
1019	47	47	47	47	47	47	47	47	47	47
1020	47	46.99	46.98	46.97	46.96	46.95	46.94	46.93	46.92	46.91
1021	46.9	46.89	46.88	46.87	46.86	46.85	46.84	46.83	46.82	46.81
1022	46.8	46.81	46.82	46.83	46.84	46.85	46.86	46.87	46.88	46.89
1023	46.9	46.91	46.92	46.93	46.94	46.95	46.96	46.97	46.98	46.99
1024	47	47.02	47.04	47.06	47.08	47.1	47.12	47.14	47.16	47.18
1025	47.2	47.23	47.26	47.29	47.32	47.35	47.38	47.41	47.44	47.47
1026	47.5	47.54	47.58	47.62	47.66	47.7	47.74	47.78	47.82	47.86
1027	47.9	47.91	47.92	47.93	47.94	47.95	47.96	47.97	47.98	47.99
1028	48	48	48	48	48	48	48	48	48	48
1029	48	48	48	48	48	48	48	48	48	48
1030	48	48	48	48	48	48	48	48	48	48
1031	48	48	48	48	48	48	48	48	48	48
1032	48	48.01	48.02	48.03	48.04	48.05	48.06	48.07	48.08	48.09
1033	48.1	48.11	48.12	48.13	48.14	48.15	48.16	48.17	48.18	48.19
1034	48.2	48.2	48.2	48.2	48.2	48.2	48.2	48.2	48.2	48.2
1035	48.2	48.19	48.18	48.17	48.16	48.15	48.14	48.13	48.12	48.11
1036	48.1	48.15	48.2	48.25	48.3	48.35	48.4	48.45	48.5	48.55
1037	48.6	48.63	48.66	48.69	48.72	48.75	48.78	48.81	48.84	48.87
1038	48.9	48.92	48.94	48.96	48.98	49	49.02	49.04	49.06	49.08
1039	49.1	49.1	49.1	49.1	49.1	49.1	49.1	49.1	49.1	49.1
1040	49.1	49.1	49.1	49.1	49.1	49.1	49.1	49.1	49.1	49.1
1041	49.1	49.1	49.1	49.1	49.1	49.1	49.1	49.1	49.1	49.1
1042	49.1	49.1	49.1	49.1	49.1	49.1	49.1	49.1	49.1	49.1
1043	49.1	49.09	49.08	49.07	49.06	49.05	49.04	49.03	49.02	49.01
1044	49	48.99	48.98	48.97	48.96	48.95	48.94	48.93	48.92	48.91
1045	48.9	48.83	48.76	48.69	48.62	48.55	48.48	48.41	48.34	48.27
1046	48.2	48.15	48.1	48.05	48	47.95	47.9	47.85	47.8	47.75
1047	47.7	47.68	47.66	47.64	47.62	47.6	47.58	47.56	47.54	47.52
1048	47.5	47.47	47.44	47.41	47.38	47.35	47.32	47.29	47.26	47.23
1049	47.2	47.15	47.1	47.05	47	46.95	46.9	46.85	46.8	46.75
1050	46.7	46.65	46.6	46.55	46.5	46.45	46.4	46.35	46.3	46.25
1051	46.2	46.18	46.16	46.14	46.12	46.1	46.08	46.06	46.04	46.02
1052	46	45.98	45.96	45.94	45.92	45.9	45.88	45.86	45.84	45.82
1053	45.8	45.78	45.76	45.74	45.72	45.7	45.68	45.66	45.64	45.62
1054	45.6	45.58	45.56	45.54	45.52	45.5	45.48	45.46	45.44	45.42
1055	45.4	45.38	45.36	45.34	45.32	45.3	45.28	45.26	45.24	45.22
1056	45.2	45.18	45.16	45.14	45.12	45.1	45.08	45.06	45.04	45.02
1057	45	44.97	44.94	44.91	44.88	44.85	44.82	44.79	44.76	44.73
1058	44.7	44.68	44.66	44.64	44.62	44.6	44.58	44.56	44.54	44.52
1059	44.5	44.47	44.44	44.41	44.38	44.35	44.32	44.29	44.26	44.23
1060	44.2	44.13	44.06	43.99	43.92	43.85	43.78	43.71	43.64	43.57
1061	43.5	43.43	43.36	43.29	43.22	43.15	43.08	43.01	42.94	42.87
1062	42.8	42.72	42.64	42.56	42.48	42.4	42.32	42.24	42.16	42.08
1063	42	41.81	41.62	41.43	41.24	41.05	40.86	40.67	40.48	40.29
1064	40.1	39.95	39.8	39.65	39.5	39.35	39.2	39.05	38.9	38.75
1065	38.6	38.49	38.38	38.27	38.16	38.05	37.94	37.83	37.72	37.61
1066	37.5	37.33	37.16	36.99	36.82	36.65	36.48	36.31	36.14	35.97
1067	35.8	35.69	35.58	35.47	35.36	35.25	35.14	35.03	34.92	34.81
1068	34.7	34.63	34.56	34.49	34.42	34.35	34.28	34.21	34.14	34.07
1069	34	33.93	33.86	33.79	33.72	33.65	33.58	33.51	33.44	33.37
1070	33.3	33.22	33.14	33.06	32.98	32.9	32.82	32.74	32.66	32.58
1071	32.5	32.42	32.34	32.26	32.18	32.1	32.02	31.94	31.86	31.78
1072	31.7	31.59	31.48	31.37	31.26	31.15	31.04	30.93	30.82	30.71
1073	30.6	30.5	30.4	30.3	30.2	30.1	30	29.9	29.8	29.7
1074	29.6	29.52	29.44	29.36	29.28	29.2	29.12	29.04	28.96	28.88
1075	28.8	28.76	28.72	28.68	28.64	28.6	28.56	28.52	28.48	28.44
1076	28.4	28.42	28.44	28.46	28.48	28.5	28.52	28.54	28.56	28.58
1077	28.6	28.69	28.78	28.87	28.96	29.05	29.14	29.23	29.32	29.41
1078	29.5	29.69	29.88	30.07	30.26	30.45	30.64	30.83	31.02	31.21
1079	31.4	31.6	31.8	32	32.2	32.4	32.6	32.8	33	33.2
1080	33.4	33.62	33.84	34.06	34.28	34.5	34.72	34.94	35.16	35.38
1081	35.6	35.79	35.98	36.17	36.36	36.55	36.74	36.93	37.12	37.31
1082	37.5	37.66	37.82	37.98	38.14	38.3	38.46	38.62	38.78	38.94
1083	39.1	39.21	39.32	39.43	39.54	39.65	39.76	39.87	39.98	40.09
1084	40.2	40.29	40.38	40.47	40.56	40.65	40.74	40.83	40.92	41.01
1085	41.1	41.17	41.24	41.31	41.38	41.45	41.52	41.59	41.66	41.73
1086	41.8	41.86	41.92	41.98	42.04	42.1	42.16	42.22	42.28	42.34
1087	42.4	42.44	42.48	42.52	42.56	42.6	42.64	42.68	42.72	42.76
1088	42.8	42.85	42.9	42.95	43	43.05	43.1	43.15	43.2	43.25
1089	43.3	43.35	43.4	43.45	43.5	43.55	43.6	43.65	43.7	43.75
1090	43.8	43.85	43.9	43.95	44	44.05	44.1	44.15	44.2	44.25
1091	44.3	44.34	44.38	44.42	44.46	44.5	44.54	44.58	44.62	44.66
1092	44.7	44.73	44.76	44.79	44.82	44.85	44.88	44.91	44.94	44.97
1093	45	45.02	45.04	45.06	45.08	45.1	45.12	45.14	45.16	45.18
1094	45.2	45.22	45.24	45.26	45.28	45.3	45.32	45.34	45.36	45.38
1095	45.4	45.41	45.42	45.43	45.44	45.45	45.46	45.47	45.48	45.49
1096	45.5	45.53	45.56	45.59	45.62	45.65	45.68	45.71	45.74	45.77
1097	45.8	45.82	45.84	45.86	45.88	45.9	45.92	45.94	45.96	45.98
1098	46	46.01	46.02	46.03	46.04	46.05	46.06	46.07	46.08	46.09
1099	46.1	46.14	46.18	46.22	46.26	46.3	46.34	46.38	46.42	46.46
1100	46.5	46.53	46.56	46.59	46.62	46.65	46.68	46.71	46.74	46.77
1101	46.8	46.83	46.86	46.89	46.92	46.95	46.98	47.01	47.04	47.07
1102	47.1	47.16	47.22	47.28	47.34	47.4	47.46	47.52	47.58	47.64
1103	47.7	47.76	47.82	47.88	47.94	48	48.06	48.12	48.18	48.24
1104	48.3	48.37	48.44	48.51	48.58	48.65	48.72	48.79	48.86	48.93
1105	49	49.07	49.14	49.21	49.28	49.35	49.42	49.49	49.56	49.63
1106	49.7	49.76	49.82	49.88	49.94	50	50.06	50.12	50.18	50.24
1107	50.3	50.37	50.44	50.51	50.58	50.65	50.72	50.79	50.86	50.93
1108	51	51.07	51.14	51.21	51.28	51.35	51.42	51.49	51.56	51.63
1109	51.7	51.77	51.84	51.91	51.98	52.05	52.12	52.19	52.26	52.33
1110	52.4	52.47	52.54	52.61	52.68	52.75	52.82	52.89	52.96	53.03
1111	53.1	53.17	53.24	53.31	53.38	53.45	53.52	53.59	53.66	53.73
1112	53.8	53.87	53.94	54.01	54.08	54.15	54.22	54.29	54.36	54.43
1113	54.5	54.57	54.64	54.71	54.78	54.85	54.92	54.99	55.06	55.13
1114	55.2	55.26	55.32	55.38	55.44	55.5	55.56	55.62	55.68	55.74
1115	55.8	55.86	55.92	55.98	56.04	56.1	56.16	56.22	56.28	56.34
1116	56.4	56.45	56.5	56.55	56.6	56.65	56.7	56.75	56.8	56.85
1117	56.9	56.91	56.92	56.93	56.94	56.95	56.96	56.97	56.98	56.99
1118	57	57.01	57.02	57.03	57.04	57.05	57.06	57.07	57.08	57.09
1119	57.1	57.12	57.14	57.16	57.18	57.2	57.22	57.24	57.26	57.28
1120	57.3	57.33	57.36	57.39	57.42	57.45	57.48	57.51	57.54	57.57
1121	57.6	57.62	57.64	57.66	57.68	57.7	57.72	57.74	57.76	57.78
1122	57.8	57.82	57.84	57.86	57.88	57.9	57.92	57.94	57.96	57.98
1123	58	58.01	58.02	58.03	58.04	58.05	58.06	58.07	58.08	58.09
1124	58.1	58.13	58.16	58.19	58.22	58.25	58.28	58.31	58.34	58.37
1125	58.4	58.43	58.46	58.49	58.52	58.55	58.58	58.61	58.64	58.67
1126	58.7	58.71	58.72	58.73	58.74	58.75	58.76	58.77	58.78	58.79
1127	58.8	58.81	58.82	58.83	58.84	58.85	58.86	58.87	58.88	58.89
1128	58.9	58.91	58.92	58.93	58.94	58.95	58.96	58.97	58.98	58.99
1129	59	59	59	59	59	59	59	59	59	59
1130	59	58.99	58.98	58.97	58.96	58.95	58.94	58.93	58.92	58.91
1131	58.9	58.89	58.88	58.87	58.86	58.85	58.84	58.83	58.82	58.81
1132	58.8	58.78	58.76	58.74	58.72	58.7	58.68	58.66	58.64	58.62
1133	58.6	58.58	58.56	58.54	58.52	58.5	58.48	58.46	58.44	58.42
1134	58.4	58.38	58.36	58.34	58.32	58.3	58.28	58.26	58.24	58.22
1135	58.2	58.19	58.18	58.17	58.16	58.15	58.14	58.13	58.12	58.11
1136	58.1	58.09	58.08	58.07	58.06	58.05	58.04	58.03	58.02	58.01
1137	58	57.99	57.98	57.97	57.96	57.95	57.94	57.93	57.92	57.91
1138	57.9	57.87	57.84	57.81	57.78	57.75	57.72	57.69	57.66	57.63
1139	57.6	57.58	57.56	57.54	57.52	57.5	57.48	57.46	57.44	57.42
1140	57.4	57.38	57.36	57.34	57.32	57.3	57.28	57.26	57.24	57.22
1141	57.2	57.19	57.18	57.17	57.16	57.15	57.14	57.13	57.12	57.11
1142	57.1	57.09	57.08	57.07	57.06	57.05	57.04	57.03	57.02	57.01
1143	57	57	57	57	57	57	57	57	57	57
1144	57	56.99	56.98	56.97	56.96	56.95	56.94	56.93	56.92	56.91
1145	56.9	56.9	56.9	56.9	56.9	56.9	56.9	56.9	56.9	56.9
1146	56.9	56.9	56.9	56.9	56.9	56.9	56.9	56.9	56.9	56.9
1147	56.9	56.91	56.92	56.93	56.94	56.95	56.96	56.97	56.98	56.99
1148	57	57	57	57	57	57	57	57	57	57
1149	57	57	57	57	57	57	57	57	57	57
1150	57	57	57	57	57	57	57	57	57	57
1151	57	57	57	57	57	57	57	57	57	57
1152	57	57	57	57	57	57	57	57	57	57
1153	57	57	57	57	57	57	57	57	57	57
1154	57	57	57	57	57	57	57	57	57	57
1155	57	57	57	57	57	57	57	57	57	57
1156	57	56.99	56.98	56.97	56.96	56.95	56.94	56.93	56.92	56.91
1157	56.9	56.89	56.88	56.87	56.86	56.85	56.84	56.83	56.82	56.81
1158	56.8	56.77	56.74	56.71	56.68	56.65	56.62	56.59	56.56	56.53
1159	56.5	56.47	56.44	56.41	56.38	56.35	56.32	56.29	56.26	56.23
1160	56.2	56.18	56.16	56.14	56.12	56.1	56.08	56.06	56.04	56.02
1161	56	56	56	56	56	56	56	56	56	56
1162	56	56	56	56	56	56	56	56	56	56
1163	56	56.01	56.02	56.03	56.04	56.05	56.06	56.07	56.08	56.09
1164	56.1	56.13	56.16	56.19	56.22	56.25	56.28	56.31	56.34	56.37
1165	56.4	56.43	56.46	56.49	56.52	56.55	56.58	56.61	56.64	56.67
1166	56.7	56.72	56.74	56.76	56.78	56.8	56.82	56.84	56.86	56.88
1167	56.9	56.92	56.94	56.96	56.98	57	57.02	57.04	57.06	57.08
1168	57.1	57.12	57.14	57.16	57.18	57.2	57.22	57.24	57.26	57.28
1169	57.3	57.31	57.32	57.33	57.34	57.35	57.36	57.37	57.38	57.39
1170	57.4	57.4	57.4	57.4	57.4	57.4	57.4	57.4	57.4	57.4
1171	57.4	57.38	57.36	57.34	57.32	57.3	57.28	57.26	57.24	57.22
1172	57.2	57.18	57.16	57.14	57.12	57.1	57.08	57.06	57.04	57.02
1173	57	56.99	56.98	56.97	56.96	56.95	56.94	56.93	56.92	56.91
1174	56.9	56.87	56.84	56.81	56.78	56.75	56.72	56.69	56.66	56.63
1175	56.6	56.57	56.54	56.51	56.48	56.45	56.42	56.39	56.36	56.33
1176	56.3	56.28	56.26	56.24	56.22	56.2	56.18	56.16	56.14	56.12
1177	56.1	56.13	56.16	56.19	56.22	56.25	56.28	56.31	56.34	56.37
1178	56.4	56.43	56.46	56.49	56.52	56.55	56.58	56.61	56.64	56.67
1179	56.7	56.74	56.78	56.82	56.86	56.9	56.94	56.98	57.02	57.06
1180	57.1	57.14	57.18	57.22	57.26	57.3	57.34	57.38	57.42	57.46
1181	57.5	57.53	57.56	57.59	57.62	57.65	57.68	57.71	57.74	57.77
1182	57.8	57.82	57.84	57.86	57.88	57.9	57.92	57.94	57.96	57.98
1183	58	58	58	58	58	58	58	58	58	58
1184	58	58	58	58	58	58	58	58	58	58
1185	58	58	58	58	58	58	58	58	58	58
1186	58	58	58	58	58	58	58	58	58	58
1187	58	58	58	58	58	58	58	58	58	58
1188	58	57.99	57.98	57.97	57.96	57.95	57.94	57.93	57.92	57.91
1189	57.9	57.89	57.88	57.87	57.86	57.85	57.84	57.83	57.82	57.81
1190	57.8	57.79	57.78	57.77	57.76	57.75	57.74	57.73	57.72	57.71
1191	57.7	57.7	57.7	57.7	57.7	57.7	57.7	57.7	57.7	57.7
1192	57.7	57.71	57.72	57.73	57.74	57.75	57.76	57.77	57.78	57.79
1193	57.8	57.81	57.82	57.83	57.84	57.85	57.86	57.87	57.88	57.89
1194	57.9	57.91	57.92	57.93	57.94	57.95	57.96	57.97	57.98	57.99
1195	58	58.01	58.02	58.03	58.04	58.05	58.06	58.07	58.08	58.09
1196	58.1	58.13	58.16	58.19	58.22	58.25	58.28	58.31	58.34	58.37
1197	58.4	58.45	58.5	58.55	58.6	58.65	58.7	58.75	58.8	58.85
1198	58.9	58.92	58.94	58.96	58.98	59	59.02	59.04	59.06	59.08
1199	59.1	59.13	59.16	59.19	59.22	59.25	59.28	59.31	59.34	59.37
1200	59.4	59.44	59.48	59.52	59.56	59.6	59.64	59.68	59.72	59.76
1201	59.8	59.81	59.82	59.83	59.84	59.85	59.86	59.87	59.88	59.89
1202	59.9	59.9	59.9	59.9	59.9	59.9	59.9	59.9	59.9	59.9
1203	59.9	59.89	59.88	59.87	59.86	59.85	59.84	59.83	59.82	59.81
1204	59.8	59.78	59.76	59.74	59.72	59.7	59.68	59.66	59.64	59.62
1205	59.6	59.58	59.56	59.54	59.52	59.5	59.48	59.46	59.44	59.42
1206	59.4	59.38	59.36	59.34	59.32	59.3	59.28	59.26	59.24	59.22
1207	59.2	59.19	59.18	59.17	59.16	59.15	59.14	59.13	59.12	59.11
1208	59.1	59.09	59.08	59.07	59.06	59.05	59.04	59.03	59.02	59.01
1209	59	58.99	58.98	58.97	58.96	58.95	58.94	58.93	58.92	58.91
1210	58.9	58.88	58.86	58.84	58.82	58.8	58.78	58.76	58.74	58.72
1211	58.7	58.69	58.68	58.67	58.66	58.65	58.64	58.63	58.62	58.61
1212	58.6	58.59	58.58	58.57	58.56	58.55	58.54	58.53	58.52	58.51
1213	58.5	58.49	58.48	58.47	58.46	58.45	58.44	58.43	58.42	58.41
1214	58.4	58.4	58.4	58.4	58.4	58.4	58.4	58.4	58.4	58.4
1215	58.4	58.39	58.38	58.37	58.36	58.35	58.34	58.33	58.32	58.31
1216	58.3	58.29	58.28	58.27	58.26	58.25	58.24	58.23	58.22	58.21
1217	58.2	58.19	58.18	58.17	58.16	58.15	58.14	58.13	58.12	58.11
1218	58.1	58.09	58.08	58.07	58.06	58.05	58.04	58.03	58.02	58.01
1219	58	57.99	57.98	57.97	57.96	57.95	57.94	57.93	57.92	57.91
1220	57.9	57.9	57.9	57.9	57.9	57.9	57.9	57.9	57.9	57.9
1221	57.9	57.9	57.9	57.9	57.9	57.9	57.9	57.9	57.9	57.9
1222	57.9	57.9	57.9	57.9	57.9	57.9	57.9	57.9	57.9	57.9
1223	57.9	57.9	57.9	57.9	57.9	57.9	57.9	57.9	57.9	57.9
1224	57.9	57.91	57.92	57.93	57.94	57.95	57.96	57.97	57.98	57.99
1225	58	58.01	58.02	58.03	58.04	58.05	58.06	58.07	58.08	58.09
1226	58.1	58.1	58.1	58.1	58.1	58.1	58.1	58.1	58.1	58.1
1227	58.1	58.11	58.12	58.13	58.14	58.15	58.16	58.17	58.18	58.19
1228	58.2	58.2	58.2	58.2	58.2	58.2	58.2	58.2	58.2	58.2
1229	58.2	58.2	58.2	58.2	58.2	58.2	58.2	58.2	58.2	58.2
1230	58.2	58.19	58.18	58.17	58.16	58.15	58.14	58.13	58.12	58.11
1231	58.1	58.09	58.08	58.07	58.06	58.05	58.04	58.03	58.02	58.01
1232	58	58	58	58	58	58	58	58	58	58
1233	58	58	58	58	58	58	58	58	58	58
1234	58	58	58	58	58	58	58	58	58	58
1235	58	58	58	58	58	58	58	58	58	58
1236	58	58	58	58	58	58	58	58	58	58
1237	58	57.99	57.98	57.97	57.96	57.95	57.94	57.93	57.92	57.91
1238	57.9	57.9	57.9	57.9	57.9	57.9	57.9	57.9	57.9	57.9
1239	57.9	57.91	57.92	57.93	57.94	57.95	57.96	57.97	57.98	57.99
1240	58	58.01	58.02	58.03	58.04	58.05	58.06	58.07	58.08	58.09
1241	58.1	58.1	58.1	58.1	58.1	58.1	58.1	58.1	58.1	58.1
1242	58.1	58.11	58.12	58.13	58.14	58.15	58.16	58.17	58.18	58.19
1243	58.2	58.21	58.22	58.23	58.24	58.25	58.26	58.27	58.28	58.29
1244	58.3	58.3	58.3	58.3	58.3	58.3	58.3	58.3	58.3	58.3
1245	58.3	58.3	58.3	58.3	58.3	58.3	58.3	58.3	58.3	58.3
1246	58.3	58.29	58.28	58.27	58.26	58.25	58.24	58.23	58.22	58.21
1247	58.2	58.19	58.18	58.17	58.16	58.15	58.14	58.13	58.12	58.11
1248	58.1	58.09	58.08	58.07	58.06	58.05	58.04	58.03	58.02	58.01
1249	58	57.98	57.96	57.94	57.92	57.9	57.88	57.86	57.84	57.82
1250	57.8	57.77	57.74	57.71	57.68	57.65	57.62	57.59	57.56	57.53
1251	57.5	57.46	57.42	57.38	57.34	57.3	57.26	57.22	57.18	57.14
1252	57.1	57.09	57.08	57.07	57.06	57.05	57.04	57.03	57.02	57.01
1253	57	56.96	56.92	56.88	56.84	56.8	56.76	56.72	56.68	56.64
1254	56.6	56.55	56.5	56.45	56.4	56.35	56.3	56.25	56.2	56.15
1255	56.1	56.09	56.08	56.07	56.06	56.05	56.04	56.03	56.02	56.01
1256	56	55.98	55.96	55.94	55.92	55.9	55.88	55.86	55.84	55.82
1257	55.8	55.77	55.74	55.71	55.68	55.65	55.62	55.59	55.56	55.53
1258	55.5	55.47	55.44	55.41	55.38	55.35	55.32	55.29	55.26	55.23
1259	55.2	55.19	55.18	55.17	55.16	55.15	55.14	55.13	55.12	55.11
1260	55.1	55.09	55.08	55.07	55.06	55.05	55.04	55.03	55.02	55.01
1261	55	54.99	54.98	54.97	54.96	54.95	54.94	54.93	54.92	54.91
1262	54.9	54.9	54.9	54.9	54.9	54.9	54.9	54.9	54.9	54.9
1263	54.9	54.9	54.9	54.9	54.9	54.9	54.9	54.9	54.9	54.9
1264	54.9	54.9	54.9	54.9	54.9	54.9	54.9	54.9	54.9	54.9
1265	54.9	54.9	54.9	54.9	54.9	54.9	54.9	54.9	54.9	54.9
1266	54.9	54.9	54.9	54.9	54.9	54.9	54.9	54.9	54.9	54.9
1267	54.9	54.91	54.92	54.93	54.94	54.95	54.96	54.97	54.98	54.99
1268	55	55	55	55	55	55	55	55	55	55
1269	55	55	55	55	55	55	55	55	55	55
1270	55	55	55	55	55	55	55	55	55	55
1271	55	55	55	55	55	55	55	55	55	55
1272	55	55	55	55	55	55	55	55	55	55
1273	55	55.01	55.02	55.03	55.04	55.05	55.06	55.07	55.08	55.09
1274	55.1	55.1	55.1	55.1	55.1	55.1	55.1	55.1	55.1	55.1
1275	55.1	55.09	55.08	55.07	55.06	55.05	55.04	55.03	55.02	55.01
1276	55	54.99	54.98	54.97	54.96	54.95	54.94	54.93	54.92	54.91
1277	54.9	54.9	54.9	54.9	54.9	54.9	54.9	54.9	54.9	54.9
1278	54.9	54.89	54.88	54.87	54.86	54.85	54.84	54.83	54.82	54.81
1279	54.8	54.79	54.78	54.77	54.76	54.75	54.74	54.73	54.72	54.71
1280	54.7	54.69	54.68	54.67	54.66	54.65	54.64	54.63	54.62	54.61
1281	54.6	54.58	54.56	54.54	54.52	54.5	54.48	54.46	54.44	54.42
1282	54.4	54.39	54.38	54.37	54.36	54.35	54.34	54.33	54.32	54.31
1283	54.3	54.3	54.3	54.3	54.3	54.3	54.3	54.3	54.3	54.3
1284	54.3	54.29	54.28	54.27	54.26	54.25	54.24	54.23	54.22	54.21
1285	54.2	54.19	54.18	54.17	54.16	54.15	54.14	54.13	54.12	54.11
1286	54.1	54.1	54.1	54.1	54.1	54.1	54.1	54.1	54.1	54.1
1287	54.1	54.1	54.1	54.1	54.1	54.1	54.1	54.1	54.1	54.1
1288	54.1	54.09	54.08	54.07	54.06	54.05	54.04	54.03	54.02	54.01
1289	54	54	54	54	54	54	54	54	54	54
1290	54	54	54	54	54	54	54	54	54	54
1291	54	54	54	54	54	54	54	54	54	54
1292	54	54	54	54	54	54	54	54	54	54
1293	54	54	54	54	54	54	54	54	54	54
1294	54	54	54	54	54	54	54	54	54	54
1295	54	54	54	54	54	54	54	54	54	54
1296	54	54.01	54.02	54.03	54.04	54.05	54.06	54.07	54.08	54.09
1297	54.1	54.11	54.12	54.13	54.14	54.15	54.16	54.17	54.18	54.19
1298	54.2	54.23	54.26	54.29	54.32	54.35	54.38	54.41	54.44	54.47
1299	54.5	54.53	54.56	54.59	54.62	54.65	54.68	54.71	54.74	54.77
1300	54.8	54.81	54.82	54.83	54.84	54.85	54.86	54.87	54.88	54.89
1301	54.9	54.91	54.92	54.93	54.94	54.95	54.96	54.97	54.98	54.99
1302	55	55.01	55.02	55.03	55.04	55.05	55.06	55.07	55.08	55.09
1303	55.1	55.11	55.12	55.13	55.14	55.15	55.16	55.17	55.18	55.19
1304	55.2	55.2	55.2	55.2	55.2	55.2	55.2	55.2	55.2	55.2
1305	55.2	55.21	55.22	55.23	55.24	55.25	55.26	55.27	55.28	55.29
1306	55.3	55.31	55.32	55.33	55.34	55.35	55.36	55.37	55.38	55.39
1307	55.4	55.41	55.42	55.43	55.44	55.45	55.46	55.47	55.48	55.49
1308	55.5	55.51	55.52	55.53	55.54	55.55	55.56	55.57	55.58	55.59
1309	55.6	55.61	55.62	55.63	55.64	55.65	55.66	55.67	55.68	55.69
1310	55.7	55.71	55.72	55.73	55.74	55.75	55.76	55.77	55.78	55.79
1311	55.8	55.81	55.82	55.83	55.84	55.85	55.86	55.87	55.88	55.89
1312	55.9	55.91	55.92	55.93	55.94	55.95	55.96	55.97	55.98	55.99
1313	56	56	56	56	56	56	56	56	56	56
1314	56	56	56	56	56	56	56	56	56	56
1315	56	56	56	56	56	56	56	56	56	56
1316	56	56	56	56	56	56	56	56	56	56
1317	56	56	56	56	56	56	56	56	56	56
1318	56	56	56	56	56	56	56	56	56	56
1319	56	56	56	56	56	56	56	56	56	56
1320	56	56	56	56	56	56	56	56	56	56
1321	56	56	56	56	56	56	56	56	56	56
1322	56	56	56	56	56	56	56	56	56	56
1323	56	56	56	56	56	56	56	56	56	56
1324	56	56	56	56	56	56	56	56	56	56
1325	56	56	56	56	56	56	56	56	56	56
1326	56	55.99	55.98	55.97	55.96	55.95	55.94	55.93	55.92	55.91
1327	55.9	55.9	55.9	55.9	55.9	55.9	55.9	55.9	55.9	55.9
1328	55.9	55.9	55.9	55.9	55.9	55.9	55.9	55.9	55.9	55.9
1329	55.9	55.89	55.88	55.87	55.86	55.85	55.84	55.83	55.82	55.81
1330	55.8	55.78	55.76	55.74	55.72	55.7	55.68	55.66	55.64	55.62
1331	55.6	55.58	55.56	55.54	55.52	55.5	55.48	55.46	55.44	55.42
1332	55.4	55.38	55.36	55.34	55.32	55.3	55.28	55.26	55.24	55.22
1333	55.2	55.19	55.18	55.17	55.16	55.15	55.14	55.13	55.12	55.11
1334	55.1	55.09	55.08	55.07	55.06	55.05	55.04	55.03	55.02	55.01
1335	55	54.99	54.98	54.97	54.96	54.95	54.94	54.93	54.92	54.91
1336	54.9	54.87	54.84	54.81	54.78	54.75	54.72	54.69	54.66	54.63
1337	54.6	54.58	54.56	54.54	54.52	54.5	54.48	54.46	54.44	54.42
1338	54.4	54.38	54.36	54.34	54.32	54.3	54.28	54.26	54.24	54.22
1339	54.2	54.19	54.18	54.17	54.16	54.15	54.14	54.13	54.12	54.11
1340	54.1	54.07	54.04	54.01	53.98	53.95	53.92	53.89	53.86	53.83
1341	53.8	53.76	53.72	53.68	53.64	53.6	53.56	53.52	53.48	53.44
1342	53.4	53.39	53.38	53.37	53.36	53.35	53.34	53.33	53.32	53.31
1343	53.3	53.28	53.26	53.24	53.22	53.2	53.18	53.16	53.14	53.12
1344	53.1	53.08	53.06	53.04	53.02	53	52.98	52.96	52.94	52.92
1345	52.9	52.87	52.84	52.81	52.78	52.75	52.72	52.69	52.66	52.63
1346	52.6	52.58	52.56	52.54	52.52	52.5	52.48	52.46	52.44	52.42
1347	52.4	52.38	52.36	52.34	52.32	52.3	52.28	52.26	52.24	52.22
1348	52.2	52.19	52.18	52.17	52.16	52.15	52.14	52.13	52.12	52.11
1349	52.1	52.09	52.08	52.07	52.06	52.05	52.04	52.03	52.02	52.01
1350	52	52	52	52	52	52	52	52	52	52
1351	52	52	52	52	52	52	52	52	52	52
1352	52	52	52	52	52	52	52	52	52	52
1353	52	52.01	52.02	52.03	52.04	52.05	52.06	52.07	52.08	52.09
1354	52.1	52.09	52.08	52.07	52.06	52.05	52.04	52.03	52.02	52.01
1355	52	52	52	52	52	52	52	52	52	52
1356	52	51.99	51.98	51.97	51.96	51.95	51.94	51.93	51.92	51.91
1357	51.9	51.87	51.84	51.81	51.78	51.75	51.72	51.69	51.66	51.63
1358	51.6	51.58	51.56	51.54	51.52	51.5	51.48	51.46	51.44	51.42
1359	51.4	51.37	51.34	51.31	51.28	51.25	51.22	51.19	51.16	51.13
1360	51.1	51.06	51.02	50.98	50.94	50.9	50.86	50.82	50.78	50.74
1361	50.7	50.66	50.62	50.58	50.54	50.5	50.46	50.42	50.38	50.34
1362	50.3	50.25	50.2	50.15	50.1	50.05	50	49.95	49.9	49.85
1363	49.8	49.75	49.7	49.65	49.6	49.55	49.5	49.45	49.4	49.35
1364	49.3	49.24	49.18	49.12	49.06	49	48.94	48.88	48.82	48.76
1365	48.7	48.65	48.6	48.55	48.5	48.45	48.4	48.35	48.3	48.25
1366	48.2	48.19	48.18	48.17	48.16	48.15	48.14	48.13	48.12	48.11
1367	48.1	48.09	48.08	48.07	48.06	48.05	48.04	48.03	48.02	48.01
1368	48	48	48	48	48	48	48	48	48	48
1369	48	48.01	48.02	48.03	48.04	48.05	48.06	48.07	48.08	48.09
1370	48.1	48.13	48.16	48.19	48.22	48.25	48.28	48.31	48.34	48.37
1371	48.4	48.45	48.5	48.55	48.6	48.65	48.7	48.75	48.8	48.85
1372	48.9	48.91	48.92	48.93	48.94	48.95	48.96	48.97	48.98	48.99
1373	49	49.01	49.02	49.03	49.04	49.05	49.06	49.07	49.08	49.09
1374	49.1	49.1	49.1	49.1	49.1	49.1	49.1	49.1	49.1	49.1
1375	49.1	49.09	49.08	49.07	49.06	49.05	49.04	49.03	49.02	49.01
1376	49	49	49	49	49	49	49	49	49	49
1377	49	48.99	48.98	48.97	48.96	48.95	48.94	48.93	48.92	48.91
1378	48.9	48.87	48.84	48.81	48.78	48.75	48.72	48.69	48.66	48.63
1379	48.6	48.57	48.54	48.51	48.48	48.45	48.42	48.39	48.36	48.33
1380	48.3	48.27	48.24	48.21	48.18	48.15	48.12	48.09	48.06	48.03
1381	48	47.99	47.98	47.97	47.96	47.95	47.94	47.93	47.92	47.91
1382	47.9	47.89	47.88	47.87	47.86	47.85	47.84	47.83	47.82	47.81
1383	47.8	47.79	47.78	47.77	47.76	47.75	47.74	47.73	47.72	47.71
1384	47.7	47.72	47.74	47.76	47.78	47.8	47.82	47.84	47.86	47.88
1385	47.9	47.94	47.98	48.02	48.06	48.1	48.14	48.18	48.22	48.26
1386	48.3	48.37	48.44	48.51	48.58	48.65	48.72	48.79	48.86	48.93
1387	49	49.01	49.02	49.03	49.04	49.05	49.06	49.07	49.08	49.09
1388	49.1	49.09	49.08	49.07	49.06	49.05	49.04	49.03	49.02	49.01
1389	49	48.99	48.98	48.97	48.96	48.95	48.94	48.93	48.92	48.91
1390	48.9	48.81	48.72	48.63	48.54	48.45	48.36	48.27	48.18	48.09
1391	48	47.91	47.82	47.73	47.64	47.55	47.46	47.37	47.28	47.19
1392	47.1	47.01	46.92	46.83	46.74	46.65	46.56	46.47	46.38	46.29
1393	46.2	46.19	46.18	46.17	46.16	46.15	46.14	46.13	46.12	46.11
1394	46.1	46.1	46.1	46.1	46.1	46.1	46.1	46.1	46.1	46.1
1395	46.1	46.11	46.12	46.13	46.14	46.15	46.16	46.17	46.18	46.19
1396	46.2	46.27	46.34	46.41	46.48	46.55	46.62	46.69	46.76	46.83
1397	46.9	46.99	47.08	47.17	47.26	47.35	47.44	47.53	47.62	47.71
1398	47.8	47.92	48.04	48.16	48.28	48.4	48.52	48.64	48.76	48.88
1399	49	49.07	49.14	49.21	49.28	49.35	49.42	49.49	49.56	49.63
1400	49.7	49.79	49.88	49.97	50.06	50.15	50.24	50.33	50.42	50.51
1401	50.6	50.69	50.78	50.87	50.96	51.05	51.14	51.23	51.32	51.41
1402	51.5	51.57	51.64	51.71	51.78	51.85	51.92	51.99	52.06	52.13
1403	52.2	52.25	52.3	52.35	52.4	52.45	52.5	52.55	52.6	52.65
1404	52.7	52.73	52.76	52.79	52.82	52.85	52.88	52.91	52.94	52.97
1405	53	53.06	53.12	53.18	53.24	53.3	53.36	53.42	53.48	53.54
1406	53.6	53.64	53.68	53.72	53.76	53.8	53.84	53.88	53.92	53.96
1407	54	54.01	54.02	54.03	54.04	54.05	54.06	54.07	54.08	54.09
1408	54.1	54.13	54.16	54.19	54.22	54.25	54.28	54.31	54.34	54.37
1409	54.4	54.43	54.46	54.49	54.52	54.55	54.58	54.61	54.64	54.67
1410	54.7	54.74	54.78	54.82	54.86	54.9	54.94	54.98	55.02	55.06
1411	55.1	55.13	55.16	55.19	55.22	55.25	55.28	55.31	55.34	55.37
1412	55.4	55.4	55.4	55.4	55.4	55.4	55.4	55.4	55.4	55.4
1413	55.4	55.36	55.32	55.28	55.24	55.2	55.16	55.12	55.08	55.04
1414	55	54.95	54.9	54.85	54.8	54.75	54.7	54.65	54.6	54.55
1415	54.5	54.41	54.32	54.23	54.14	54.05	53.96	53.87	53.78	53.69
1416	53.6	53.49	53.38	53.27	53.16	53.05	52.94	52.83	52.72	52.61
1417	52.5	52.27	52.04	51.81	51.58	51.35	51.12	50.89	50.66	50.43
1418	50.2	50	49.8	49.6	49.4	49.2	49	48.8	48.6	48.4
1419	48.2	48.03	47.86	47.69	47.52	47.35	47.18	47.01	46.84	46.67
1420	46.5	46.47	46.44	46.41	46.38	46.35	46.32	46.29	46.26	46.23
1421	46.2	46.18	46.16	46.14	46.12	46.1	46.08	46.06	46.04	46.02
1422	46	46	46	46	46	46	46	46	46	46
1423	46	46.03	46.06	46.09	46.12	46.15	46.18	46.21	46.24	46.27
1424	46.3	46.35	46.4	46.45	46.5	46.55	46.6	46.65	46.7	46.75
1425	46.8	46.87	46.94	47.01	47.08	47.15	47.22	47.29	47.36	47.43
1426	47.5	47.57	47.64	47.71	47.78	47.85	47.92	47.99	48.06	48.13
1427	48.2	48.26	48.32	48.38	48.44	48.5	48.56	48.62	48.68	48.74
1428	48.8	48.87	48.94	49.01	49.08	49.15	49.22	49.29	49.36	49.43
1429	49.5	49.57	49.64	49.71	49.78	49.85	49.92	49.99	50.06	50.13
1430	50.2	50.25	50.3	50.35	50.4	50.45	50.5	50.55	50.6	50.65
1431	50.7	50.74	50.78	50.82	50.86	50.9	50.94	50.98	51.02	51.06
1432	51.1	51.16	51.22	51.28	51.34	51.4	51.46	51.52	51.58	51.64
1433	51.7	51.75	51.8	51.85	51.9	51.95	52	52.05	52.1	52.15
1434	52.2	52.23	52.26	52.29	52.32	52.35	52.38	52.41	52.44	52.47
1435	52.5	52.46	52.42	52.38	52.34	52.3	52.26	52.22	52.18	52.14
1436	52.1	52.05	52	51.95	51.9	51.85	51.8	51.75	51.7	51.65
1437	51.6	51.55	51.5	51.45	51.4	51.35	51.3	51.25	51.2	51.15
1438	51.1	51.09	51.08	51.07	51.06	51.05	51.04	51.03	51.02	51.01
1439	51	51	51	51	51	51	51	51	51	51
1440	51	51.01	51.02	51.03	51.04	51.05	51.06	51.07	51.08	51.09
1441	51.1	51.13	51.16	51.19	51.22	51.25	51.28	51.31	51.34	51.37
1442	51.4	51.43	51.46	51.49	51.52	51.55	51.58	51.61	51.64	51.67
1443	51.7	51.73	51.76	51.79	51.82	51.85	51.88	51.91	51.94	51.97
1444	52	52.02	52.04	52.06	52.08	52.1	52.12	52.14	52.16	52.18
1445	52.2	52.23	52.26	52.29	52.32	52.35	52.38	52.41	52.44	52.47
1446	52.5	52.53	52.56	52.59	52.62	52.65	52.68	52.71	52.74	52.77
1447	52.8	52.79	52.78	52.77	52.76	52.75	52.74	52.73	52.72	52.71
1448	52.7	52.69	52.68	52.67	52.66	52.65	52.64	52.63	52.62	52.61
1449	52.6	52.57	52.54	52.51	52.48	52.45	52.42	52.39	52.36	52.33
1450	52.3	52.3	52.3	52.3	52.3	52.3	52.3	52.3	52.3	52.3
1451	52.3	52.31	52.32	52.33	52.34	52.35	52.36	52.37	52.38	52.39
1452	52.4	52.41	52.42	52.43	52.44	52.45	52.46	52.47	52.48	52.49
1453	52.5	52.52	52.54	52.56	52.58	52.6	52.62	52.64	52.66	52.68
1454	52.7	52.7	52.7	52.7	52.7	52.7	52.7	52.7	52.7	52.7
1455	52.7	52.67	52.64	52.61	52.58	52.55	52.52	52.49	52.46	52.43
1456	52.4	52.37	52.34	52.31	52.28	52.25	52.22	52.19	52.16	52.13
1457	52.1	52.06	52.02	51.98	51.94	51.9	51.86	51.82	51.78	51.74
1458	51.7	51.64	51.58	51.52	51.46	51.4	51.34	51.28	51.22	51.16
1459	51.1	51.04	50.98	50.92	50.86	50.8	50.74	50.68	50.62	50.56
1460	50.5	50.46	50.42	50.38	50.34	50.3	50.26	50.22	50.18	50.14
1461	50.1	50.07	50.04	50.01	49.98	49.95	49.92	49.89	49.86	49.83
1462	49.8	49.79	49.78	49.77	49.76	49.75	49.74	49.73	49.72	49.71
1463	49.7	49.69	49.68	49.67	49.66	49.65	49.64	49.63	49.62	49.61
1464	49.6	49.59	49.58	49.57	49.56	49.55	49.54	49.53	49.52	49.51
1465	49.5	49.5	49.5	49.5	49.5	49.5	49.5	49.5	49.5	49.5
1466	49.5	49.52	49.54	49.56	49.58	49.6	49.62	49.64	49.66	49.68
1467	49.7	49.73	49.76	49.79	49.82	49.85	49.88	49.91	49.94	49.97
1468	50	50.02	50.04	50.06	50.08	50.1	50.12	50.14	50.16	50.18
1469	50.2	50.24	50.28	50.32	50.36	50.4	50.44	50.48	50.52	50.56
1470	50.6	50.65	50.7	50.75	50.8	50.85	50.9	50.95	51	51.05
1471	51.1	51.15	51.2	51.25	51.3	51.35	51.4	51.45	51.5	51.55
1472	51.6	51.63	51.66	51.69	51.72	51.75	51.78	51.81	51.84	51.87
1473	51.9	51.91	51.92	51.93	51.94	51.95	51.96	51.97	51.98	51.99
1474	52	52.01	52.02	52.03	52.04	52.05	52.06	52.07	52.08	52.09
1475	52.1	52.13	52.16	52.19	52.22	52.25	52.28	52.31	52.34	52.37
1476	52.4	52.45	52.5	52.55	52.6	52.65	52.7	52.75	52.8	52.85
1477	52.9	52.94	52.98	53.02	53.06	53.1	53.14	53.18	53.22	53.26
1478	53.3	53.34	53.38	53.42	53.46	53.5	53.54	53.58	53.62	53.66
1479	53.7	53.75	53.8	53.85	53.9	53.95	54	54.05	54.1	54.15
1480	54.2	54.23	54.26	54.29	54.32	54.35	54.38	54.41	54.44	54.47
1481	54.5	54.53	54.56	54.59	54.62	54.65	54.68	54.71	54.74	54.77
1482	54.8	54.82	54.84	54.86	54.88	54.9	54.92	54.94	54.96	54.98
1483	55	55.05	55.1	55.15	55.2	55.25	55.3	55.35	55.4	55.45
1484	55.5	55.54	55.58	55.62	55.66	55.7	55.74	55.78	55.82	55.86
1485	55.9	55.92	55.94	55.96	55.98	56	56.02	56.04	56.06	56.08
1486	56.1	56.12	56.14	56.16	56.18	56.2	56.22	56.24	56.26	56.28
1487	56.3	56.31	56.32	56.33	56.34	56.35	56.36	56.37	56.38	56.39
1488	56.4	56.41	56.42	56.43	56.44	56.45	56.46	56.47	56.48	56.49
1489	56.5	56.52	56.54	56.56	56.58	56.6	56.62	56.64	56.66	56.68
1490	56.7	56.72	56.74	56.76	56.78	56.8	56.82	56.84	56.86	56.88
1491	56.9	56.91	56.92	56.93	56.94	56.95	56.96	56.97	56.98	56.99
1492	57	57.03	57.06	57.09	57.12	57.15	57.18	57.21	57.24	57.27
1493	57.3	57.34	57.38	57.42	57.46	57.5	57.54	57.58	57.62	57.66
1494	57.7	57.75	57.8	57.85	57.9	57.95	58	58.05	58.1	58.15
1495	58.2	58.26	58.32	58.38	58.44	58.5	58.56	58.62	58.68	58.74
1496	58.8	58.83	58.86	58.89	58.92	58.95	58.98	59.01	59.04	59.07
1497	59.1	59.11	59.12	59.13	59.14	59.15	59.16	59.17	59.18	59.19
1498	59.2	59.19	59.18	59.17	59.16	59.15	59.14	59.13	59.12	59.11
1499	59.1	59.07	59.04	59.01	58.98	58.95	58.92	58.89	58.86	58.83
1500	58.8	58.77	58.74	58.71	58.68	58.65	58.62	58.59	58.56	58.53
1501	58.5	58.46	58.42	58.38	58.34	58.3	58.26	58.22	58.18	58.14
1502	58.1	58.06	58.02	57.98	57.94	57.9	57.86	57.82	57.78	57.74
1503	57.7	57.66	57.62	57.58	57.54	57.5	57.46	57.42	57.38	57.34
1504	57.3	57.28	57.26	57.24	57.22	57.2	57.18	57.16	57.14	57.12
1505	57.1	57.07	57.04	57.01	56.98	56.95	56.92	56.89	56.86	56.83
1506	56.8	56.77	56.74	56.71	56.68	56.65	56.62	56.59	56.56	56.53
1507	56.5	56.47	56.44	56.41	56.38	56.35	56.32	56.29	56.26	56.23
1508	56.2	56.13	56.06	55.99	55.92	55.85	55.78	55.71	55.64	55.57
1509	55.5	55.41	55.32	55.23	55.14	55.05	54.96	54.87	54.78	54.69
1510	54.6	54.55	54.5	54.45	54.4	54.35	54.3	54.25	54.2	54.15
1511	54.1	54.06	54.02	53.98	53.94	53.9	53.86	53.82	53.78	53.74
1512	53.7	53.65	53.6	53.55	53.5	53.45	53.4	53.35	53.3	53.25
1513	53.2	53.17	53.14	53.11	53.08	53.05	53.02	52.99	52.96	52.93
1514	52.9	52.86	52.82	52.78	52.74	52.7	52.66	52.62	52.58	52.54
1515	52.5	52.45	52.4	52.35	52.3	52.25	52.2	52.15	52.1	52.05
1516	52	51.93	51.86	51.79	51.72	51.65	51.58	51.51	51.44	51.37
1517	51.3	51.22	51.14	51.06	50.98	50.9	50.82	50.74	50.66	50.58
1518	50.5	50.4	50.3	50.2	50.1	50	49.9	49.8	49.7	49.6
1519	49.5	49.4	49.3	49.2	49.1	49	48.9	48.8	48.7	48.6
1520	48.5	48.41	48.32	48.23	48.14	48.05	47.96	47.87	47.78	47.69
1521	47.6	47.52	47.44	47.36	47.28	47.2	47.12	47.04	46.96	46.88
1522	46.8	46.68	46.56	46.44	46.32	46.2	46.08	45.96	45.84	45.72
1523	45.6	45.46	45.32	45.18	45.04	44.9	44.76	44.62	44.48	44.34
1524	44.2	44.03	43.86	43.69	43.52	43.35	43.18	43.01	42.84	42.67
1525	42.5	42.17	41.84	41.51	41.18	40.85	40.52	40.19	39.86	39.53
1526	39.2	38.87	38.54	38.21	37.88	37.55	37.22	36.89	36.56	36.23
1527	35.9	35.57	35.24	34.91	34.58	34.25	33.92	33.59	33.26	32.93
1528	32.6	32.27	31.94	31.61	31.28	30.95	30.62	30.29	29.96	29.63
1529	29.3	29.05	28.8	28.55	28.3	28.05	27.8	27.55	27.3	27.05
1530	26.8	26.57	26.34	26.11	25.88	25.65	25.42	25.19	24.96	24.73
1531	24.5	24.2	23.9	23.6	23.3	23	22.7	22.4	22.1	21.8
1532	21.5	21.3	21.1	20.9	20.7	20.5	20.3	20.1	19.9	19.7
1533	19.5	19.29	19.08	18.87	18.66	18.45	18.24	18.03	17.82	17.61
1534	17.4	17.17	16.94	16.71	16.48	16.25	16.02	15.79	15.56	15.33
1535	15.1	14.83	14.56	14.29	14.02	13.75	13.48	13.21	12.94	12.67
1536	12.4	12.13	11.86	11.59	11.32	11.05	10.78	10.51	10.24	9.97
1537	9.7	9.43	9.16	8.89	8.62	8.35	8.08	7.81	7.54	7.27
1538	7	6.8	6.6	6.4	6.2	6	5.8	5.6	5.4	5.2
1539	5	4.83	4.66	4.49	4.32	4.15	3.98	3.81	3.64	3.47
1540	3.3	3.17	3.04	2.91	2.78	2.65	2.52	2.39	2.26	2.13
1541	2	1.87	1.74	1.61	1.48	1.35	1.22	1.09	0.96	0.83
1542	0.7	0.63	0.56	0.49	0.42	0.35	0.28	0.21	0.14	0.07
1543	0	0	0	0	0	0	0	0	0	0
1544	0	0	0	0	0	0	0	0	0	0
1545	0									
